293 280
294 280
295 280
308 280
309 280
310 280
292 281
293 281
294 281
295 281
296 281
297 281
306 281
307 281
308 281
309 281
310 281
311 281
292 282
293 282
294 282
295 282
296 282
297 282
298 282
305 282
306 282
307 282
308 282
309 282
310 282
311 282
292 283
293 283
294 283
295 283
296 283
297 283
298 283
305 283
306 283
307 283
308 283
309 283
310 283
311 283
292 284
293 284
294 284
295 284
296 284
297 284
298 284
299 284
305 284
306 284
307 284
308 284
309 284
310 284
311 284
292 285
293 285
294 285
295 285
296 285
297 285
298 285
299 285
305 285
306 285
307 285
308 285
309 285
310 285
311 285
292 286
293 286
294 286
295 286
296 286
297 286
298 286
299 286
304 286
305 286
306 286
307 286
308 286
309 286
310 286
311 286
292 287
293 287
294 287
295 287
296 287
297 287
298 287
299 287
300 287
304 287
305 287
306 287
307 287
308 287
309 287
310 287
311 287
292 288
293 288
294 288
295 288
296 288
297 288
298 288
299 288
300 288
301 288
302 288
303 288
304 288
305 288
306 288
307 288
308 288
309 288
310 288
311 288
292 289
293 289
294 289
295 289
296 289
297 289
298 289
299 289
300 289
301 289
302 289
303 289
304 289
305 289
306 289
307 289
308 289
309 289
310 289
311 289
292 290
293 290
294 290
295 290
296 290
297 290
298 290
299 290
300 290
301 290
302 290
303 290
304 290
305 290
306 290
307 290
308 290
309 290
310 290
311 290
292 291
293 291
294 291
295 291
296 291
297 291
298 291
299 291
300 291
301 291
302 291
303 291
304 291
305 291
306 291
307 291
308 291
309 291
310 291
311 291
292 292
293 292
294 292
295 292
296 292
297 292
298 292
299 292
300 292
301 292
302 292
303 292
304 292
305 292
306 292
307 292
308 292
309 292
310 292
311 292
292 293
293 293
294 293
295 293
296 293
297 293
298 293
299 293
300 293
301 293
302 293
303 293
304 293
305 293
306 293
307 293
308 293
309 293
310 293
311 293
292 294
293 294
294 294
295 294
296 294
297 294
298 294
299 294
300 294
301 294
302 294
303 294
304 294
305 294
306 294
307 294
308 294
309 294
310 294
311 294
292 295
293 295
294 295
295 295
296 295
297 295
298 295
299 295
300 295
301 295
302 295
303 295
304 295
305 295
306 295
307 295
308 295
309 295
310 295
311 295
292 296
293 296
294 296
295 296
296 296
297 296
298 296
299 296
300 296
301 296
302 296
303 296
304 296
305 296
306 296
307 296
308 296
309 296
310 296
311 296
292 297
293 297
294 297
295 297
296 297
297 297
298 297
299 297
300 297
301 297
302 297
303 297
304 297
305 297
306 297
307 297
308 297
309 297
310 297
311 297
292 298
293 298
294 298
295 298
296 298
297 298
298 298
299 298
300 298
301 298
302 298
303 298
304 298
305 298
306 298
307 298
308 298
309 298
310 298
311 298
292 299
293 299
294 299
295 299
296 299
297 299
298 299
299 299
300 299
301 299
302 299
303 299
304 299
305 299
306 299
307 299
308 299
309 299
310 299
311 299
292 300
293 300
294 300
295 300
296 300
297 300
298 300
299 300
300 300
301 300
302 300
303 300
304 300
305 300
306 300
307 300
308 300
309 300
310 300
311 300
292 301
293 301
294 301
295 301
296 301
297 301
298 301
299 301
300 301
301 301
302 301
303 301
304 301
305 301
306 301
307 301
308 301
309 301
310 301
311 301
292 302
293 302
294 302
295 302
296 302
297 302
298 302
299 302
300 302
301 302
302 302
303 302
304 302
305 302
306 302
307 302
308 302
309 302
310 302
311 302
293 303
294 303
295 303
296 303
297 303
298 303
299 303
300 303
301 303
302 303
303 303
308 303
309 303
310 303
