281 228
282 228
283 228
284 228
285 228
280 229
281 229
282 229
283 229
284 229
285 229
286 229
287 229
280 230
281 230
282 230
283 230
284 230
285 230
286 230
287 230
280 231
281 231
282 231
283 231
284 231
285 231
286 231
287 231
288 231
280 232
281 232
282 232
283 232
284 232
285 232
286 232
287 232
288 232
280 233
281 233
282 233
283 233
284 233
285 233
286 233
287 233
288 233
289 233
280 234
281 234
282 234
283 234
284 234
285 234
286 234
287 234
288 234
289 234
280 235
281 235
282 235
283 235
284 235
285 235
286 235
287 235
288 235
289 235
280 236
281 236
282 236
283 236
284 236
285 236
286 236
287 236
288 236
289 236
280 237
281 237
282 237
283 237
284 237
285 237
286 237
287 237
288 237
289 237
280 238
281 238
282 238
283 238
284 238
285 238
286 238
287 238
288 238
289 238
280 239
281 239
282 239
283 239
284 239
285 239
286 239
287 239
288 239
280 240
281 240
282 240
283 240
284 240
285 240
286 240
287 240
288 240
280 241
281 241
282 241
283 241
284 241
285 241
286 241
287 241
288 241
280 242
281 242
282 242
283 242
284 242
285 242
286 242
287 242
288 242
280 243
281 243
282 243
283 243
284 243
285 243
286 243
287 243
288 243
280 244
281 244
282 244
283 244
284 244
285 244
286 244
287 244
288 244
280 245
281 245
282 245
283 245
284 245
285 245
286 245
287 245
288 245
281 246
282 246
283 246
284 246
285 246
286 246
287 246
282 247
283 247
284 247
285 247
286 247
