350 248
351 248
352 248
353 248
354 248
355 248
356 248
357 248
358 248
349 249
350 249
351 249
352 249
353 249
354 249
355 249
356 249
357 249
358 249
359 249
348 250
349 250
350 250
351 250
352 250
353 250
354 250
355 250
356 250
357 250
358 250
359 250
348 251
349 251
350 251
351 251
352 251
353 251
354 251
355 251
356 251
357 251
358 251
359 251
348 252
349 252
350 252
351 252
352 252
353 252
354 252
355 252
356 252
357 252
358 252
359 252
348 253
349 253
350 253
351 253
352 253
353 253
354 253
355 253
356 253
357 253
358 253
359 253
348 254
349 254
350 254
351 254
352 254
353 254
354 254
355 254
356 254
357 254
358 254
359 254
348 255
349 255
350 255
351 255
352 255
353 255
354 255
355 255
356 255
357 255
358 255
359 255
348 256
349 256
350 256
351 256
352 256
353 256
354 256
355 256
356 256
357 256
358 256
359 256
349 257
350 257
351 257
352 257
353 257
354 257
355 257
356 257
357 257
358 257
359 257
349 258
350 258
351 258
352 258
353 258
354 258
355 258
356 258
357 258
358 258
359 258
349 259
350 259
351 259
352 259
353 259
354 259
355 259
356 259
357 259
358 259
359 259
349 260
350 260
351 260
352 260
353 260
354 260
355 260
356 260
357 260
358 260
359 260
349 261
350 261
351 261
352 261
353 261
354 261
355 261
356 261
357 261
358 261
359 261
349 262
350 262
351 262
352 262
353 262
354 262
355 262
356 262
357 262
358 262
359 262
350 263
351 263
352 263
353 263
354 263
355 263
356 263
357 263
358 263
351 264
352 264
353 264
354 264
355 264
356 264
357 264
352 265
353 265
354 265
355 265
356 265
352 266
353 266
354 266
355 266
353 267
354 267
