305 244
306 244
307 244
308 244
309 244
310 244
311 244
303 245
304 245
305 245
306 245
307 245
308 245
309 245
310 245
311 245
312 245
313 245
302 246
303 246
304 246
305 246
306 246
307 246
308 246
309 246
310 246
311 246
312 246
313 246
314 246
302 247
303 247
304 247
305 247
306 247
307 247
308 247
309 247
310 247
311 247
312 247
313 247
314 247
302 248
303 248
304 248
305 248
306 248
307 248
308 248
309 248
310 248
311 248
312 248
313 248
314 248
315 248
301 249
302 249
303 249
304 249
305 249
306 249
307 249
308 249
309 249
310 249
311 249
312 249
313 249
314 249
315 249
301 250
302 250
303 250
304 250
305 250
306 250
307 250
308 250
309 250
310 250
311 250
312 250
313 250
314 250
315 250
301 251
302 251
303 251
304 251
305 251
306 251
307 251
308 251
309 251
310 251
311 251
312 251
313 251
314 251
315 251
301 252
302 252
303 252
304 252
305 252
306 252
307 252
308 252
309 252
310 252
311 252
312 252
313 252
314 252
315 252
301 253
302 253
303 253
304 253
305 253
306 253
307 253
308 253
309 253
310 253
311 253
312 253
313 253
314 253
315 253
301 254
302 254
303 254
304 254
305 254
306 254
307 254
308 254
309 254
310 254
311 254
312 254
313 254
314 254
315 254
301 255
302 255
303 255
304 255
305 255
306 255
307 255
308 255
309 255
310 255
311 255
312 255
313 255
314 255
315 255
301 256
302 256
303 256
304 256
305 256
306 256
307 256
308 256
309 256
310 256
311 256
312 256
313 256
314 256
315 256
301 257
302 257
303 257
304 257
305 257
306 257
307 257
308 257
309 257
310 257
311 257
312 257
313 257
314 257
315 257
301 258
302 258
303 258
304 258
305 258
306 258
307 258
308 258
309 258
310 258
311 258
312 258
313 258
314 258
315 258
301 259
302 259
303 259
304 259
305 259
306 259
307 259
308 259
309 259
310 259
311 259
312 259
313 259
314 259
315 259
301 260
302 260
303 260
304 260
305 260
306 260
307 260
308 260
309 260
310 260
311 260
312 260
313 260
314 260
315 260
300 261
301 261
302 261
303 261
304 261
305 261
306 261
307 261
308 261
309 261
310 261
311 261
312 261
313 261
314 261
315 261
300 262
301 262
302 262
303 262
304 262
305 262
306 262
307 262
308 262
309 262
310 262
311 262
312 262
313 262
314 262
315 262
300 263
301 263
302 263
303 263
304 263
305 263
306 263
307 263
308 263
309 263
310 263
311 263
312 263
313 263
314 263
300 264
301 264
302 264
303 264
304 264
305 264
306 264
307 264
308 264
309 264
310 264
311 264
312 264
313 264
314 264
300 265
301 265
302 265
303 265
304 265
305 265
306 265
307 265
308 265
309 265
310 265
311 265
312 265
313 265
300 266
301 266
302 266
303 266
304 266
305 266
306 266
307 266
308 266
309 266
310 266
311 266
312 266
301 267
302 267
303 267
304 267
305 267
306 267
307 267
308 267
309 267
310 267
311 267
312 267
302 268
303 268
304 268
305 268
306 268
307 268
308 268
309 268
310 268
311 268
303 269
304 269
305 269
306 269
307 269
308 269
309 269
310 269
311 269
304 270
305 270
306 270
307 270
308 270
309 270
310 270
311 270
305 271
306 271
307 271
308 271
309 271
310 271
306 272
307 272
