321 192
322 192
323 192
324 192
325 192
326 192
327 192
328 192
329 192
330 192
320 193
321 193
322 193
323 193
324 193
325 193
326 193
327 193
328 193
329 193
330 193
331 193
320 194
321 194
322 194
323 194
324 194
325 194
326 194
327 194
328 194
329 194
330 194
331 194
320 195
321 195
322 195
323 195
324 195
325 195
326 195
327 195
328 195
329 195
330 195
331 195
332 195
320 196
321 196
322 196
323 196
324 196
325 196
326 196
327 196
328 196
329 196
330 196
331 196
332 196
333 196
334 196
320 197
321 197
322 197
323 197
324 197
325 197
326 197
327 197
328 197
329 197
330 197
331 197
332 197
333 197
334 197
335 197
320 198
321 198
322 198
323 198
324 198
325 198
326 198
327 198
328 198
329 198
330 198
331 198
332 198
333 198
334 198
335 198
336 198
320 199
321 199
322 199
323 199
324 199
325 199
326 199
327 199
328 199
329 199
330 199
331 199
332 199
333 199
334 199
335 199
336 199
320 200
321 200
322 200
323 200
324 200
325 200
326 200
327 200
328 200
329 200
330 200
331 200
332 200
333 200
334 200
335 200
336 200
320 201
321 201
322 201
323 201
324 201
325 201
326 201
327 201
328 201
329 201
330 201
331 201
332 201
333 201
334 201
335 201
336 201
320 202
321 202
322 202
323 202
324 202
325 202
326 202
327 202
328 202
329 202
330 202
331 202
332 202
333 202
334 202
335 202
336 202
337 202
320 203
321 203
322 203
323 203
324 203
325 203
326 203
327 203
328 203
329 203
330 203
331 203
332 203
333 203
334 203
335 203
336 203
320 204
321 204
322 204
323 204
324 204
325 204
326 204
327 204
328 204
329 204
330 204
331 204
332 204
333 204
334 204
335 204
336 204
320 205
321 205
322 205
323 205
324 205
325 205
326 205
327 205
328 205
329 205
330 205
331 205
332 205
333 205
334 205
335 205
336 205
320 206
321 206
322 206
323 206
324 206
325 206
326 206
327 206
328 206
329 206
330 206
331 206
332 206
333 206
334 206
335 206
336 206
320 207
321 207
322 207
323 207
324 207
325 207
326 207
327 207
328 207
329 207
330 207
331 207
332 207
333 207
334 207
335 207
336 207
320 208
321 208
322 208
323 208
324 208
325 208
326 208
327 208
328 208
329 208
330 208
331 208
332 208
333 208
334 208
335 208
336 208
320 209
321 209
322 209
323 209
324 209
325 209
326 209
327 209
328 209
329 209
330 209
331 209
332 209
333 209
334 209
335 209
336 209
320 210
321 210
322 210
323 210
324 210
325 210
326 210
327 210
328 210
329 210
330 210
331 210
332 210
333 210
334 210
335 210
336 210
320 211
321 211
322 211
323 211
324 211
325 211
326 211
327 211
328 211
329 211
330 211
331 211
332 211
333 211
334 211
335 211
336 211
320 212
321 212
322 212
323 212
324 212
325 212
326 212
327 212
328 212
329 212
330 212
331 212
332 212
333 212
334 212
335 212
320 213
321 213
322 213
323 213
324 213
325 213
326 213
327 213
328 213
329 213
330 213
331 213
332 213
333 213
334 213
335 213
320 214
321 214
322 214
323 214
324 214
325 214
326 214
327 214
328 214
329 214
330 214
331 214
332 214
333 214
334 214
335 214
320 215
321 215
322 215
323 215
324 215
325 215
326 215
327 215
328 215
329 215
330 215
331 215
332 215
333 215
334 215
320 216
321 216
322 216
323 216
324 216
325 216
326 216
327 216
328 216
329 216
330 216
331 216
332 216
320 217
321 217
322 217
323 217
324 217
325 217
326 217
327 217
328 217
329 217
330 217
331 217
320 218
321 218
322 218
323 218
324 218
325 218
326 218
327 218
328 218
329 218
330 218
331 218
321 219
322 219
323 219
324 219
325 219
326 219
327 219
328 219
329 219
330 219
322 220
323 220
324 220
325 220
326 220
327 220
328 220
329 220
323 221
324 221
325 221
326 221
327 221
328 221
324 222
325 222
326 222
327 222
325 223
326 223
