350 220
351 220
352 220
353 220
354 220
355 220
356 220
357 220
358 220
359 220
360 220
361 220
362 220
347 221
348 221
349 221
350 221
351 221
352 221
353 221
354 221
355 221
356 221
357 221
358 221
359 221
360 221
361 221
362 221
363 221
346 222
347 222
348 222
349 222
350 222
351 222
352 222
353 222
354 222
355 222
356 222
357 222
358 222
359 222
360 222
361 222
362 222
363 222
347 223
348 223
349 223
350 223
351 223
352 223
353 223
354 223
355 223
356 223
357 223
358 223
359 223
360 223
361 223
362 223
363 223
347 224
348 224
349 224
350 224
351 224
352 224
353 224
354 224
355 224
356 224
357 224
358 224
359 224
360 224
361 224
362 224
363 224
347 225
348 225
349 225
350 225
351 225
352 225
353 225
354 225
355 225
356 225
357 225
358 225
359 225
360 225
361 225
362 225
363 225
346 226
347 226
348 226
349 226
350 226
351 226
352 226
353 226
354 226
355 226
356 226
357 226
358 226
359 226
360 226
361 226
362 226
363 226
346 227
347 227
348 227
349 227
350 227
351 227
352 227
353 227
354 227
355 227
356 227
357 227
358 227
359 227
360 227
361 227
362 227
363 227
345 228
346 228
347 228
348 228
349 228
350 228
351 228
352 228
353 228
354 228
355 228
356 228
357 228
358 228
359 228
360 228
361 228
362 228
363 228
345 229
346 229
347 229
348 229
349 229
350 229
351 229
352 229
353 229
354 229
355 229
356 229
357 229
358 229
359 229
360 229
361 229
362 229
363 229
345 230
346 230
347 230
348 230
349 230
350 230
351 230
352 230
353 230
354 230
355 230
356 230
357 230
358 230
359 230
360 230
361 230
362 230
363 230
345 231
346 231
347 231
348 231
349 231
350 231
351 231
352 231
353 231
354 231
355 231
356 231
357 231
358 231
359 231
360 231
361 231
362 231
363 231
344 232
345 232
346 232
347 232
348 232
349 232
350 232
351 232
352 232
353 232
354 232
355 232
356 232
357 232
358 232
359 232
360 232
361 232
362 232
363 232
344 233
345 233
346 233
347 233
348 233
349 233
350 233
351 233
352 233
353 233
354 233
355 233
356 233
357 233
358 233
359 233
360 233
361 233
362 233
363 233
344 234
345 234
346 234
347 234
348 234
349 234
350 234
351 234
352 234
353 234
354 234
355 234
356 234
357 234
358 234
359 234
360 234
361 234
362 234
363 234
344 235
345 235
346 235
347 235
348 235
349 235
350 235
351 235
352 235
353 235
354 235
355 235
356 235
357 235
358 235
359 235
360 235
361 235
362 235
363 235
344 236
345 236
346 236
347 236
348 236
349 236
350 236
351 236
352 236
353 236
354 236
355 236
356 236
357 236
358 236
359 236
360 236
361 236
362 236
363 236
344 237
345 237
346 237
347 237
348 237
349 237
350 237
351 237
352 237
353 237
354 237
355 237
356 237
357 237
358 237
359 237
360 237
361 237
362 237
363 237
344 238
345 238
346 238
347 238
348 238
349 238
350 238
351 238
352 238
353 238
354 238
355 238
356 238
357 238
358 238
359 238
360 238
361 238
362 238
363 238
344 239
345 239
346 239
347 239
348 239
349 239
350 239
351 239
352 239
353 239
354 239
355 239
356 239
357 239
358 239
359 239
360 239
361 239
362 239
363 239
344 240
345 240
346 240
347 240
348 240
349 240
350 240
351 240
352 240
353 240
354 240
355 240
356 240
357 240
358 240
359 240
360 240
361 240
362 240
363 240
344 241
345 241
346 241
347 241
348 241
349 241
350 241
351 241
352 241
353 241
354 241
355 241
356 241
357 241
358 241
359 241
360 241
361 241
362 241
363 241
344 242
345 242
346 242
347 242
348 242
349 242
350 242
351 242
352 242
353 242
354 242
355 242
356 242
357 242
358 242
359 242
360 242
361 242
362 242
363 242
344 243
345 243
346 243
347 243
348 243
349 243
350 243
351 243
352 243
353 243
354 243
355 243
356 243
357 243
358 243
359 243
360 243
361 243
362 243
344 244
345 244
346 244
347 244
348 244
351 244
352 244
353 244
354 244
355 244
356 244
357 244
358 244
359 244
360 244
361 244
362 244
344 245
345 245
346 245
347 245
348 245
353 245
354 245
355 245
356 245
357 245
358 245
359 245
360 245
361 245
362 245
344 246
345 246
346 246
347 246
348 246
353 246
354 246
355 246
356 246
357 246
358 246
359 246
360 246
344 247
345 247
346 247
347 247
348 247
353 247
354 247
355 247
356 247
357 247
358 247
359 247
344 248
345 248
346 248
347 248
348 248
352 248
353 248
354 248
355 248
356 248
357 248
358 248
344 249
345 249
346 249
347 249
348 249
352 249
353 249
354 249
355 249
356 249
357 249
344 250
345 250
346 250
347 250
348 250
351 250
352 250
353 250
354 250
355 250
356 250
357 250
344 251
345 251
346 251
347 251
348 251
351 251
352 251
353 251
354 251
355 251
356 251
357 251
358 251
345 252
346 252
347 252
348 252
351 252
352 252
353 252
354 252
355 252
356 252
357 252
358 252
359 252
345 253
346 253
347 253
348 253
349 253
350 253
351 253
352 253
353 253
354 253
355 253
356 253
357 253
358 253
359 253
345 254
346 254
347 254
348 254
350 254
351 254
352 254
353 254
354 254
355 254
356 254
357 254
358 254
359 254
346 255
347 255
350 255
351 255
352 255
353 255
354 255
355 255
356 255
357 255
358 255
359 255
351 256
352 256
353 256
354 256
355 256
356 256
357 256
358 256
359 256
351 257
352 257
353 257
354 257
355 257
356 257
357 257
358 257
359 257
351 258
352 258
353 258
354 258
355 258
356 258
357 258
358 258
359 258
353 259
354 259
355 259
356 259
357 259
358 259
