349 208
350 208
351 208
360 208
361 208
362 208
348 209
349 209
350 209
351 209
352 209
353 209
354 209
355 209
356 209
357 209
358 209
359 209
360 209
361 209
362 209
363 209
364 209
348 210
349 210
350 210
351 210
352 210
353 210
354 210
355 210
356 210
357 210
358 210
359 210
360 210
361 210
362 210
363 210
364 210
365 210
348 211
349 211
350 211
351 211
352 211
353 211
354 211
355 211
356 211
357 211
358 211
359 211
360 211
361 211
362 211
363 211
364 211
365 211
366 211
349 212
350 212
351 212
352 212
353 212
354 212
355 212
356 212
357 212
358 212
359 212
360 212
361 212
362 212
363 212
364 212
365 212
366 212
367 212
349 213
350 213
351 213
352 213
353 213
354 213
355 213
356 213
357 213
358 213
359 213
360 213
361 213
362 213
363 213
364 213
365 213
366 213
367 213
349 214
350 214
351 214
352 214
353 214
354 214
355 214
356 214
357 214
358 214
359 214
360 214
361 214
362 214
363 214
364 214
365 214
366 214
367 214
349 215
350 215
351 215
352 215
353 215
354 215
355 215
356 215
357 215
358 215
359 215
360 215
361 215
362 215
363 215
364 215
365 215
366 215
367 215
368 215
349 216
350 216
351 216
352 216
353 216
354 216
355 216
356 216
357 216
358 216
359 216
360 216
361 216
362 216
363 216
364 216
365 216
366 216
367 216
368 216
369 216
370 216
349 217
350 217
351 217
352 217
353 217
354 217
355 217
356 217
357 217
358 217
359 217
360 217
361 217
362 217
363 217
364 217
365 217
366 217
367 217
368 217
369 217
370 217
371 217
348 218
349 218
350 218
351 218
352 218
353 218
354 218
355 218
356 218
357 218
358 218
359 218
360 218
361 218
362 218
363 218
364 218
365 218
366 218
367 218
368 218
369 218
370 218
371 218
348 219
349 219
350 219
351 219
352 219
353 219
354 219
355 219
356 219
357 219
358 219
359 219
360 219
361 219
362 219
363 219
364 219
365 219
366 219
367 219
368 219
369 219
370 219
371 219
348 220
349 220
350 220
351 220
352 220
353 220
354 220
355 220
356 220
357 220
358 220
359 220
360 220
361 220
362 220
363 220
364 220
365 220
366 220
367 220
368 220
369 220
370 220
371 220
348 221
349 221
350 221
351 221
352 221
353 221
354 221
355 221
356 221
357 221
358 221
359 221
360 221
361 221
362 221
363 221
364 221
365 221
366 221
367 221
368 221
369 221
370 221
371 221
348 222
349 222
350 222
351 222
352 222
353 222
354 222
355 222
356 222
357 222
358 222
359 222
360 222
361 222
362 222
363 222
364 222
365 222
366 222
367 222
368 222
369 222
370 222
371 222
348 223
349 223
350 223
351 223
352 223
353 223
354 223
355 223
356 223
357 223
358 223
359 223
360 223
361 223
362 223
363 223
364 223
365 223
366 223
367 223
368 223
369 223
370 223
371 223
349 224
350 224
351 224
352 224
353 224
354 224
355 224
356 224
357 224
358 224
359 224
360 224
361 224
362 224
363 224
364 224
365 224
366 224
367 224
368 224
369 224
370 224
371 224
349 225
350 225
351 225
352 225
353 225
354 225
355 225
356 225
357 225
358 225
359 225
360 225
361 225
362 225
363 225
364 225
365 225
366 225
367 225
368 225
369 225
370 225
371 225
349 226
350 226
351 226
352 226
353 226
354 226
355 226
356 226
357 226
358 226
359 226
360 226
361 226
362 226
363 226
364 226
365 226
366 226
367 226
368 226
369 226
370 226
371 226
349 227
350 227
351 227
352 227
353 227
354 227
355 227
356 227
357 227
358 227
359 227
360 227
361 227
362 227
363 227
364 227
365 227
366 227
367 227
368 227
369 227
370 227
371 227
350 228
351 228
352 228
353 228
354 228
355 228
356 228
357 228
358 228
359 228
360 228
361 228
362 228
363 228
364 228
365 228
366 228
367 228
368 228
369 228
370 228
371 228
351 229
352 229
353 229
354 229
355 229
356 229
357 229
358 229
359 229
360 229
361 229
362 229
363 229
364 229
365 229
366 229
367 229
368 229
369 229
370 229
371 229
351 230
352 230
353 230
354 230
355 230
356 230
357 230
358 230
359 230
360 230
361 230
362 230
363 230
364 230
365 230
366 230
367 230
368 230
369 230
370 230
371 230
351 231
352 231
353 231
354 231
355 231
356 231
357 231
358 231
359 231
360 231
361 231
362 231
363 231
364 231
365 231
366 231
367 231
368 231
369 231
370 231
371 231
351 232
352 232
353 232
354 232
355 232
356 232
357 232
358 232
359 232
360 232
361 232
362 232
363 232
364 232
365 232
366 232
367 232
368 232
369 232
370 232
371 232
351 233
352 233
353 233
354 233
355 233
356 233
357 233
358 233
359 233
360 233
361 233
362 233
363 233
364 233
365 233
366 233
367 233
368 233
369 233
370 233
371 233
351 234
352 234
353 234
354 234
355 234
356 234
357 234
358 234
359 234
360 234
361 234
362 234
363 234
364 234
365 234
366 234
367 234
368 234
369 234
370 234
371 234
351 235
352 235
353 235
354 235
355 235
356 235
357 235
358 235
359 235
360 235
361 235
362 235
363 235
364 235
365 235
366 235
367 235
368 235
369 235
370 235
350 236
351 236
352 236
353 236
354 236
355 236
356 236
357 236
358 236
359 236
360 236
361 236
362 236
363 236
364 236
365 236
366 236
367 236
368 236
350 237
351 237
352 237
353 237
354 237
355 237
356 237
357 237
358 237
359 237
360 237
361 237
362 237
363 237
364 237
365 237
366 237
367 237
368 237
350 238
351 238
352 238
353 238
354 238
355 238
356 238
357 238
358 238
359 238
360 238
361 238
362 238
363 238
364 238
365 238
366 238
367 238
350 239
351 239
352 239
353 239
354 239
355 239
356 239
357 239
358 239
359 239
360 239
361 239
362 239
363 239
364 239
365 239
366 239
367 239
350 240
351 240
352 240
353 240
354 240
355 240
356 240
357 240
358 240
359 240
360 240
361 240
362 240
363 240
364 240
365 240
366 240
367 240
349 241
350 241
351 241
352 241
353 241
354 241
355 241
356 241
357 241
358 241
359 241
360 241
361 241
362 241
363 241
364 241
365 241
366 241
367 241
350 242
351 242
352 242
353 242
354 242
355 242
356 242
357 242
358 242
359 242
360 242
361 242
362 242
363 242
364 242
365 242
366 242
350 243
351 243
352 243
353 243
354 243
355 243
356 243
357 243
358 243
359 243
360 243
361 243
362 243
363 243
364 243
365 243
351 244
352 244
353 244
354 244
355 244
356 244
357 244
358 244
359 244
360 244
361 244
362 244
363 244
352 245
353 245
354 245
355 245
356 245
357 245
358 245
359 245
360 245
361 245
362 245
354 246
355 246
356 246
357 246
358 246
359 246
360 246
