333 84
334 84
335 84
336 84
337 84
338 84
339 84
340 84
341 84
342 84
343 84
332 85
333 85
334 85
335 85
336 85
337 85
338 85
339 85
340 85
341 85
342 85
343 85
344 85
345 85
346 85
332 86
333 86
334 86
335 86
336 86
337 86
338 86
339 86
340 86
341 86
342 86
343 86
344 86
345 86
346 86
332 87
333 87
334 87
335 87
336 87
337 87
338 87
339 87
340 87
341 87
342 87
343 87
344 87
345 87
346 87
332 88
333 88
334 88
335 88
336 88
337 88
338 88
339 88
340 88
341 88
342 88
343 88
344 88
345 88
346 88
347 88
332 89
333 89
334 89
335 89
336 89
337 89
338 89
339 89
340 89
341 89
342 89
343 89
344 89
345 89
346 89
347 89
332 90
333 90
334 90
335 90
336 90
337 90
338 90
339 90
340 90
341 90
342 90
343 90
344 90
345 90
346 90
347 90
332 91
333 91
334 91
335 91
336 91
337 91
338 91
339 91
340 91
341 91
342 91
343 91
344 91
345 91
346 91
347 91
332 92
333 92
334 92
335 92
336 92
337 92
338 92
339 92
340 92
341 92
342 92
343 92
344 92
345 92
346 92
347 92
332 93
333 93
334 93
335 93
336 93
337 93
338 93
339 93
340 93
341 93
342 93
343 93
344 93
345 93
346 93
347 93
332 94
333 94
334 94
335 94
336 94
337 94
338 94
339 94
340 94
341 94
342 94
343 94
344 94
345 94
346 94
347 94
332 95
333 95
334 95
335 95
336 95
337 95
338 95
339 95
340 95
341 95
342 95
343 95
344 95
345 95
346 95
347 95
332 96
333 96
334 96
335 96
336 96
337 96
338 96
339 96
340 96
341 96
342 96
343 96
344 96
345 96
346 96
347 96
332 97
333 97
334 97
335 97
336 97
337 97
338 97
339 97
340 97
341 97
342 97
343 97
344 97
345 97
346 97
347 97
332 98
333 98
334 98
335 98
336 98
337 98
338 98
339 98
340 98
341 98
342 98
343 98
344 98
345 98
346 98
347 98
348 98
332 99
333 99
334 99
335 99
336 99
337 99
338 99
339 99
340 99
341 99
342 99
343 99
344 99
345 99
346 99
347 99
348 99
332 100
333 100
334 100
335 100
336 100
337 100
338 100
339 100
340 100
341 100
342 100
343 100
344 100
345 100
346 100
347 100
348 100
349 100
332 101
333 101
334 101
335 101
336 101
337 101
338 101
339 101
340 101
341 101
342 101
343 101
344 101
345 101
346 101
347 101
348 101
349 101
350 101
332 102
333 102
334 102
335 102
336 102
337 102
338 102
339 102
340 102
341 102
342 102
343 102
344 102
345 102
346 102
347 102
348 102
349 102
350 102
332 103
333 103
334 103
335 103
336 103
337 103
338 103
339 103
340 103
341 103
342 103
343 103
344 103
345 103
346 103
347 103
348 103
349 103
350 103
351 103
332 104
333 104
334 104
335 104
336 104
337 104
338 104
339 104
340 104
341 104
342 104
343 104
344 104
345 104
346 104
347 104
348 104
349 104
350 104
351 104
332 105
333 105
334 105
335 105
336 105
337 105
338 105
339 105
340 105
341 105
342 105
343 105
344 105
345 105
346 105
347 105
348 105
349 105
350 105
351 105
332 106
333 106
334 106
335 106
336 106
337 106
338 106
339 106
340 106
341 106
342 106
343 106
344 106
345 106
346 106
347 106
348 106
349 106
350 106
351 106
332 107
333 107
334 107
335 107
336 107
337 107
338 107
339 107
340 107
341 107
342 107
343 107
344 107
345 107
346 107
347 107
348 107
349 107
350 107
351 107
332 108
333 108
334 108
335 108
336 108
337 108
338 108
339 108
340 108
341 108
342 108
343 108
344 108
345 108
346 108
347 108
348 108
349 108
350 108
351 108
332 109
333 109
334 109
335 109
336 109
337 109
338 109
339 109
340 109
341 109
342 109
343 109
344 109
345 109
346 109
347 109
348 109
349 109
350 109
351 109
332 110
333 110
334 110
335 110
336 110
337 110
338 110
339 110
340 110
341 110
342 110
343 110
344 110
345 110
346 110
347 110
348 110
349 110
350 110
351 110
332 111
333 111
334 111
335 111
336 111
337 111
338 111
339 111
340 111
341 111
342 111
343 111
344 111
345 111
346 111
347 111
348 111
349 111
350 111
351 111
332 112
333 112
334 112
335 112
336 112
337 112
338 112
339 112
340 112
341 112
342 112
343 112
344 112
345 112
346 112
347 112
348 112
349 112
350 112
332 113
333 113
334 113
335 113
336 113
337 113
338 113
339 113
340 113
341 113
342 113
343 113
344 113
345 113
346 113
347 113
348 113
349 113
350 113
332 114
333 114
334 114
335 114
336 114
337 114
338 114
339 114
340 114
341 114
342 114
343 114
344 114
345 114
346 114
347 114
348 114
349 114
350 114
332 115
333 115
334 115
335 115
336 115
337 115
338 115
339 115
340 115
341 115
342 115
343 115
344 115
345 115
346 115
347 115
348 115
349 115
332 116
333 116
334 116
335 116
336 116
337 116
338 116
339 116
340 116
341 116
342 116
343 116
344 116
345 116
346 116
347 116
348 116
332 117
333 117
334 117
335 117
336 117
337 117
338 117
339 117
340 117
341 117
342 117
343 117
344 117
345 117
346 117
347 117
348 117
332 118
333 118
334 118
335 118
336 118
337 118
338 118
339 118
340 118
341 118
342 118
343 118
344 118
345 118
346 118
347 118
332 119
333 119
334 119
335 119
336 119
337 119
338 119
339 119
340 119
341 119
342 119
343 119
344 119
345 119
346 119
347 119
332 120
333 120
334 120
335 120
336 120
337 120
338 120
339 120
340 120
341 120
342 120
343 120
344 120
345 120
346 120
347 120
332 121
333 121
334 121
335 121
336 121
337 121
338 121
339 121
340 121
341 121
342 121
343 121
344 121
345 121
346 121
347 121
332 122
333 122
334 122
335 122
336 122
337 122
338 122
339 122
340 122
341 122
342 122
343 122
344 122
345 122
346 122
347 122
332 123
333 123
334 123
335 123
336 123
337 123
338 123
339 123
340 123
341 123
342 123
343 123
344 123
345 123
346 123
347 123
332 124
333 124
334 124
335 124
336 124
337 124
338 124
339 124
340 124
341 124
342 124
343 124
344 124
345 124
346 124
347 124
332 125
333 125
334 125
335 125
336 125
337 125
338 125
339 125
340 125
341 125
342 125
343 125
344 125
345 125
346 125
347 125
332 126
333 126
334 126
335 126
336 126
337 126
338 126
339 126
340 126
341 126
342 126
343 126
344 126
345 126
346 126
347 126
332 127
333 127
334 127
335 127
336 127
337 127
338 127
339 127
340 127
341 127
342 127
343 127
344 127
345 127
346 127
347 127
332 128
333 128
334 128
335 128
336 128
337 128
338 128
339 128
340 128
341 128
342 128
343 128
344 128
345 128
346 128
332 129
333 129
334 129
335 129
336 129
337 129
338 129
339 129
340 129
341 129
342 129
343 129
344 129
345 129
332 130
333 130
334 130
335 130
336 130
337 130
338 130
339 130
340 130
341 130
342 130
343 130
344 130
333 131
334 131
335 131
336 131
337 131
338 131
339 131
340 131
341 131
342 131
343 131
334 132
335 132
336 132
337 132
338 132
339 132
340 132
341 132
342 132
337 133
338 133
339 133
340 133
341 133
