306 280
307 280
308 280
309 280
310 280
311 280
312 280
313 280
314 280
315 280
316 280
317 280
318 280
305 281
306 281
307 281
308 281
309 281
310 281
311 281
312 281
313 281
314 281
315 281
316 281
317 281
318 281
319 281
305 282
306 282
307 282
308 282
309 282
310 282
311 282
312 282
313 282
314 282
315 282
316 282
317 282
318 282
319 282
304 283
305 283
306 283
307 283
308 283
309 283
310 283
311 283
312 283
313 283
314 283
315 283
316 283
317 283
318 283
319 283
304 284
305 284
306 284
307 284
308 284
309 284
310 284
311 284
312 284
313 284
314 284
315 284
316 284
317 284
318 284
319 284
304 285
305 285
306 285
307 285
308 285
309 285
310 285
311 285
312 285
313 285
314 285
315 285
316 285
317 285
318 285
319 285
304 286
305 286
306 286
307 286
308 286
309 286
310 286
311 286
312 286
313 286
314 286
315 286
316 286
317 286
318 286
319 286
304 287
305 287
306 287
307 287
308 287
309 287
310 287
311 287
312 287
313 287
314 287
315 287
316 287
317 287
318 287
319 287
304 288
305 288
306 288
307 288
308 288
309 288
310 288
311 288
312 288
313 288
314 288
315 288
316 288
317 288
318 288
319 288
304 289
305 289
306 289
307 289
308 289
309 289
310 289
311 289
312 289
313 289
314 289
315 289
316 289
317 289
318 289
319 289
304 290
305 290
306 290
307 290
308 290
309 290
310 290
311 290
312 290
313 290
314 290
315 290
316 290
317 290
318 290
319 290
304 291
305 291
306 291
307 291
308 291
309 291
310 291
311 291
312 291
313 291
314 291
315 291
316 291
317 291
318 291
319 291
304 292
305 292
306 292
307 292
308 292
309 292
310 292
311 292
312 292
313 292
314 292
315 292
316 292
317 292
318 292
319 292
304 293
305 293
306 293
307 293
308 293
309 293
310 293
311 293
312 293
313 293
314 293
315 293
316 293
317 293
318 293
319 293
304 294
305 294
306 294
307 294
308 294
309 294
310 294
311 294
312 294
313 294
314 294
315 294
316 294
317 294
318 294
319 294
304 295
305 295
306 295
307 295
308 295
309 295
310 295
311 295
312 295
313 295
314 295
315 295
316 295
317 295
318 295
319 295
304 296
305 296
306 296
307 296
308 296
309 296
310 296
311 296
312 296
313 296
314 296
315 296
316 296
317 296
318 296
319 296
304 297
305 297
306 297
307 297
308 297
309 297
310 297
311 297
312 297
313 297
314 297
315 297
316 297
317 297
318 297
319 297
304 298
305 298
306 298
307 298
308 298
309 298
310 298
311 298
312 298
313 298
314 298
315 298
316 298
317 298
318 298
319 298
304 299
305 299
306 299
307 299
308 299
309 299
310 299
311 299
312 299
313 299
314 299
315 299
316 299
317 299
318 299
319 299
304 300
305 300
306 300
307 300
308 300
309 300
310 300
311 300
312 300
313 300
314 300
315 300
316 300
317 300
318 300
319 300
304 301
305 301
306 301
307 301
308 301
309 301
310 301
311 301
312 301
313 301
314 301
315 301
316 301
317 301
318 301
319 301
305 302
306 302
307 302
308 302
309 302
310 302
311 302
312 302
313 302
314 302
315 302
316 302
317 302
318 302
319 302
305 303
306 303
307 303
308 303
309 303
310 303
311 303
312 303
313 303
314 303
315 303
316 303
317 303
318 303
319 303
305 304
306 304
307 304
308 304
309 304
310 304
311 304
312 304
313 304
314 304
315 304
316 304
317 304
318 304
319 304
306 305
307 305
308 305
309 305
310 305
311 305
312 305
313 305
314 305
315 305
316 305
317 305
318 305
306 306
307 306
308 306
309 306
310 306
311 306
312 306
313 306
314 306
315 306
316 306
317 306
318 306
306 307
307 307
308 307
309 307
310 307
311 307
312 307
313 307
314 307
315 307
316 307
317 307
306 308
307 308
308 308
309 308
310 308
311 308
312 308
313 308
314 308
315 308
316 308
305 309
306 309
307 309
308 309
310 309
311 309
312 309
313 309
314 309
315 309
305 310
306 310
307 310
312 310
313 310
314 310
305 311
306 311
307 311
313 311
314 311
304 312
305 312
306 312
307 312
304 313
305 313
306 313
307 313
304 314
305 314
306 314
307 314
305 315
306 315
