X Y Z
307 280 941
308 280 941
309 280 941
310 280 941
311 280 941
312 280 939
313 280 939
314 280 939
315 280 938
316 280 938
317 280 938
318 280 938
305 281 940
306 281 940
307 281 940
308 281 941
309 281 941
310 281 941
311 281 941
312 281 940
313 281 940
314 281 939
315 281 939
316 281 938
317 281 938
318 281 938
305 282 939
306 282 939
307 282 940
308 282 940
309 282 940
310 282 941
311 282 940
312 282 940
313 282 940
314 282 939
315 282 939
316 282 939
317 282 938
318 282 939
319 282 939
304 283 938
305 283 938
306 283 939
307 283 939
308 283 940
309 283 940
310 283 941
311 283 941
312 283 940
313 283 940
314 283 940
315 283 940
316 283 939
317 283 939
318 283 939
319 283 939
304 284 937
305 284 938
306 284 938
307 284 939
308 284 939
309 284 940
310 284 940
311 284 941
312 284 940
313 284 941
314 284 940
315 284 940
316 284 940
317 284 940
318 284 940
319 284 940
304 285 937
305 285 937
306 285 938
307 285 939
308 285 939
309 285 940
310 285 940
311 285 941
312 285 940
313 285 941
314 285 941
315 285 941
316 285 941
317 285 941
318 285 941
319 285 941
304 286 936
305 286 937
306 286 938
307 286 938
308 286 939
309 286 940
310 286 940
311 286 940
312 286 941
313 286 942
314 286 941
315 286 941
316 286 941
317 286 941
318 286 941
319 286 941
304 287 936
305 287 937
306 287 938
307 287 938
308 287 939
309 287 940
310 287 941
311 287 941
312 287 941
313 287 942
314 287 941
315 287 941
316 287 941
317 287 941
318 287 941
319 287 941
304 288 936
305 288 937
306 288 938
307 288 939
308 288 940
309 288 941
310 288 941
311 288 941
312 288 941
313 288 942
314 288 942
315 288 941
316 288 941
317 288 941
318 288 941
319 288 941
304 289 937
305 289 938
306 289 939
307 289 940
308 289 940
309 289 941
310 289 942
311 289 942
312 289 942
313 289 942
314 289 942
315 289 941
316 289 941
317 289 941
318 289 941
319 289 941
304 290 938
305 290 939
306 290 940
307 290 941
308 290 941
309 290 942
310 290 942
311 290 942
312 290 942
313 290 942
314 290 942
315 290 942
316 290 941
317 290 941
318 290 941
319 290 941
304 291 939
305 291 940
306 291 941
307 291 942
308 291 942
309 291 942
310 291 943
311 291 942
312 291 942
313 291 942
314 291 942
315 291 942
316 291 941
317 291 941
318 291 941
319 291 941
304 292 941
305 292 941
306 292 942
307 292 942
308 292 943
309 292 943
310 292 943
311 292 943
312 292 942
313 292 942
314 292 942
315 292 942
316 292 941
317 292 941
318 292 941
319 292 941
304 293 942
305 293 942
306 293 943
307 293 943
308 293 944
309 293 944
310 293 943
311 293 943
312 293 942
313 293 942
314 293 942
315 293 942
316 293 941
317 293 941
318 293 941
319 293 941
304 294 943
305 294 943
306 294 944
307 294 944
308 294 944
309 294 944
310 294 944
311 294 943
312 294 943
313 294 942
314 294 942
315 294 942
316 294 941
317 294 941
318 294 941
319 294 941
304 295 943
305 295 944
306 295 944
307 295 944
308 295 944
309 295 944
310 295 944
311 295 943
312 295 943
313 295 943
314 295 942
315 295 942
316 295 942
317 295 941
318 295 941
319 295 941
304 296 944
305 296 944
306 296 944
307 296 944
308 296 944
309 296 944
310 296 944
311 296 944
312 296 943
313 296 943
314 296 943
315 296 942
316 296 942
317 296 942
318 296 941
319 296 941
304 297 943
305 297 944
306 297 944
307 297 944
308 297 944
309 297 944
310 297 944
311 297 944
312 297 944
313 297 943
314 297 943
315 297 942
316 297 942
317 297 942
318 297 942
319 297 942
304 298 943
305 298 944
306 298 944
307 298 944
308 298 944
309 298 944
310 298 944
311 298 944
312 298 944
313 298 944
314 298 944
315 298 943
316 298 943
317 298 942
318 298 942
319 298 942
304 299 943
305 299 943
306 299 944
307 299 944
308 299 944
309 299 944
310 299 944
311 299 944
312 299 944
313 299 944
314 299 944
315 299 944
316 299 943
317 299 943
318 299 943
319 299 942
304 300 943
305 300 943
306 300 944
307 300 944
308 300 944
309 300 944
310 300 944
311 300 945
312 300 945
313 300 945
314 300 945
315 300 944
316 300 944
317 300 944
318 300 943
319 300 943
304 301 943
305 301 943
306 301 944
307 301 944
308 301 944
309 301 944
310 301 945
311 301 945
312 301 945
313 301 945
314 301 946
315 301 945
316 301 945
317 301 944
318 301 944
319 301 944
305 302 944
306 302 944
307 302 944
308 302 945
309 302 945
310 302 945
311 302 946
312 302 946
313 302 946
314 302 946
315 302 946
316 302 946
317 302 945
318 302 945
319 302 944
305 303 944
306 303 944
307 303 945
308 303 945
309 303 945
310 303 946
311 303 946
312 303 946
313 303 946
314 303 946
315 303 946
316 303 946
317 303 946
318 303 945
319 303 945
305 304 944
306 304 945
307 304 945
308 304 946
309 304 946
310 304 946
311 304 946
312 304 947
313 304 946
314 304 946
315 304 946
316 304 946
317 304 946
318 304 946
319 304 945
306 305 945
307 305 946
308 305 946
309 305 946
310 305 946
311 305 946
312 305 947
313 305 947
314 305 947
315 305 946
316 305 946
317 305 946
318 305 946
306 306 946
307 306 946
308 306 946
309 306 946
310 306 946
311 306 946
312 306 947
313 306 947
314 306 946
315 306 946
316 306 946
317 306 946
318 306 946
306 307 946
307 307 947
308 307 947
309 307 947
310 307 947
311 307 947
312 307 947
313 307 946
314 307 946
315 307 946
316 307 946
317 307 946
306 308 946
307 308 947
308 308 947
309 308 947
310 308 947
311 308 947
312 308 947
313 308 947
314 308 946
315 308 946
316 308 946
305 309 947
306 309 947
307 309 947
308 309 947
310 309 947
311 309 947
312 309 947
313 309 947
314 309 946
315 309 946
305 310 946
306 310 946
307 310 947
312 310 947
313 310 947
314 310 946
305 311 946
306 311 946
307 311 947
313 311 947
314 311 947
304 312 946
305 312 946
306 312 947
307 312 947
304 313 946
305 313 946
306 313 947
307 313 947
304 314 946
305 314 946
306 314 946
307 314 946
305 315 946
306 315 946
