X Y Z
308 100 915
309 100 915
310 100 915
311 100 915
312 100 915
313 100 914
314 100 914
315 100 915
316 100 915
317 100 915
305 101 917
306 101 917
307 101 916
308 101 916
309 101 916
310 101 916
311 101 915
312 101 915
313 101 915
314 101 915
315 101 915
316 101 915
317 101 915
318 101 915
304 102 917
305 102 917
306 102 917
307 102 917
308 102 917
309 102 917
310 102 916
311 102 916
312 102 915
313 102 915
314 102 915
315 102 915
316 102 915
317 102 914
318 102 914
319 102 914
304 103 917
305 103 917
306 103 917
307 103 917
308 103 917
309 103 917
310 103 917
311 103 916
312 103 916
313 103 915
314 103 915
315 103 914
316 103 914
317 103 914
318 103 914
319 103 914
303 104 917
304 104 917
305 104 918
306 104 917
307 104 917
308 104 917
309 104 917
310 104 916
311 104 916
312 104 915
313 104 915
314 104 914
315 104 914
316 104 914
317 104 914
318 104 914
319 104 914
303 105 917
304 105 917
305 105 917
306 105 917
307 105 917
308 105 917
309 105 917
310 105 916
311 105 915
312 105 915
313 105 915
314 105 914
315 105 914
316 105 914
317 105 914
318 105 914
319 105 914
302 106 917
303 106 917
304 106 917
305 106 917
306 106 917
307 106 916
308 106 916
309 106 916
310 106 915
311 106 915
312 106 914
313 106 914
314 106 914
315 106 914
316 106 914
317 106 913
318 106 913
319 106 913
320 106 913
301 107 916
302 107 916
303 107 916
304 107 917
305 107 917
306 107 916
307 107 916
308 107 916
309 107 915
310 107 915
311 107 914
312 107 914
313 107 914
314 107 914
315 107 913
316 107 913
317 107 913
318 107 913
319 107 913
320 107 913
321 107 913
300 108 916
301 108 916
302 108 916
303 108 917
304 108 917
305 108 916
306 108 916
307 108 915
308 108 915
309 108 914
310 108 914
311 108 914
312 108 913
313 108 913
314 108 913
315 108 913
316 108 913
317 108 913
318 108 912
319 108 912
320 108 912
321 108 912
322 108 912
300 109 916
301 109 916
302 109 916
303 109 916
304 109 916
305 109 916
306 109 915
307 109 914
308 109 914
309 109 914
310 109 913
311 109 913
312 109 912
313 109 912
314 109 912
315 109 912
316 109 912
317 109 912
318 109 912
319 109 912
320 109 912
321 109 912
322 109 912
323 109 911
300 110 916
301 110 916
302 110 916
303 110 916
304 110 916
305 110 915
306 110 914
307 110 914
308 110 914
309 110 913
310 110 912
311 110 912
312 110 912
313 110 912
314 110 912
315 110 912
316 110 912
317 110 912
318 110 912
319 110 912
320 110 912
321 110 911
322 110 911
323 110 910
300 111 917
301 111 917
302 111 916
303 111 916
304 111 916
305 111 915
306 111 914
307 111 913
308 111 913
309 111 912
310 111 912
311 111 912
312 111 912
313 111 911
314 111 912
315 111 912
316 111 912
317 111 912
318 111 911
319 111 911
320 111 911
321 111 911
322 111 910
323 111 909
300 112 918
301 112 917
302 112 917
303 112 917
304 112 916
305 112 915
306 112 914
307 112 914
308 112 913
309 112 912
310 112 912
311 112 912
312 112 911
313 112 912
314 112 912
315 112 912
316 112 912
317 112 912
318 112 911
319 112 912
320 112 911
321 112 911
322 112 910
323 112 909
300 113 918
301 113 917
302 113 917
303 113 917
304 113 916
305 113 915
306 113 915
307 113 914
308 113 913
309 113 912
310 113 912
311 113 912
312 113 912
313 113 912
314 113 913
315 113 913
316 113 913
317 113 913
318 113 912
319 113 912
320 113 912
321 113 911
322 113 910
323 113 909
300 114 919
301 114 918
302 114 918
303 114 917
304 114 917
305 114 916
306 114 915
307 114 914
308 114 914
309 114 913
310 114 913
311 114 913
312 114 913
313 114 913
314 114 914
315 114 914
316 114 914
317 114 914
318 114 913
319 114 913
320 114 913
321 114 912
322 114 912
323 114 911
300 115 920
301 115 919
302 115 918
303 115 918
304 115 917
305 115 917
306 115 916
307 115 915
308 115 914
309 115 914
310 115 914
311 115 914
312 115 914
313 115 914
314 115 914
315 115 915
316 115 914
317 115 914
318 115 914
319 115 914
320 115 914
321 115 913
322 115 912
323 115 912
324 115 911
300 116 920
301 116 920
302 116 919
303 116 919
304 116 918
305 116 917
306 116 917
307 116 916
308 116 915
309 116 915
310 116 915
311 116 915
312 116 915
313 116 915
314 116 916
315 116 916
316 116 916
317 116 916
318 116 915
319 116 915
320 116 914
321 116 914
322 116 914
323 116 913
324 116 912
325 116 912
300 117 921
301 117 920
302 117 920
303 117 919
304 117 918
305 117 917
306 117 917
307 117 917
308 117 917
309 117 916
310 117 916
311 117 917
312 117 917
313 117 917
314 117 917
315 117 917
316 117 917
317 117 917
318 117 917
319 117 917
320 117 916
321 117 916
322 117 914
323 117 914
324 117 913
325 117 913
326 117 913
300 118 921
301 118 921
302 118 920
303 118 920
304 118 919
305 118 918
306 118 918
307 118 918
308 118 917
309 118 917
310 118 917
311 118 917
312 118 918
313 118 918
314 118 918
315 118 918
316 118 918
317 118 918
318 118 918
319 118 918
320 118 917
321 118 917
322 118 916
323 118 915
324 118 915
325 118 914
326 118 914
300 119 922
301 119 921
302 119 920
303 119 920
304 119 919
305 119 918
306 119 918
307 119 918
308 119 918
309 119 918
310 119 918
311 119 918
312 119 918
313 119 919
314 119 919
315 119 920
316 119 920
317 119 920
318 119 920
319 119 919
320 119 919
321 119 918
322 119 917
323 119 917
324 119 916
325 119 916
326 119 916
327 119 916
300 120 922
301 120 921
302 120 920
303 120 920
304 120 919
305 120 919
306 120 918
307 120 919
308 120 918
309 120 918
310 120 919
311 120 919
312 120 919
313 120 920
314 120 920
315 120 921
316 120 920
317 120 921
318 120 921
319 120 920
320 120 920
321 120 920
322 120 919
323 120 919
324 120 918
325 120 918
326 120 918
327 120 918
300 121 921
301 121 920
302 121 920
303 121 920
304 121 920
305 121 919
306 121 919
307 121 919
308 121 919
309 121 919
310 121 919
311 121 919
312 121 920
313 121 920
314 121 920
315 121 921
316 121 921
317 121 922
318 121 922
319 121 922
320 121 921
321 121 921
322 121 921
323 121 920
324 121 920
325 121 920
326 121 919
327 121 920
300 122 920
301 122 920
302 122 920
303 122 920
304 122 920
305 122 919
306 122 919
307 122 919
308 122 919
309 122 919
310 122 920
311 122 920
312 122 920
313 122 921
314 122 922
315 122 922
316 122 923
317 122 923
318 122 923
319 122 923
320 122 923
321 122 923
322 122 923
323 122 922
324 122 922
325 122 921
326 122 921
327 122 920
300 123 920
301 123 920
302 123 920
303 123 920
304 123 920
305 123 919
306 123 919
307 123 919
308 123 919
309 123 919
310 123 920
311 123 920
312 123 921
313 123 922
314 123 923
315 123 923
316 123 924
317 123 924
318 123 924
319 123 925
320 123 924
321 123 924
322 123 924
323 123 923
324 123 923
325 123 922
326 123 922
327 123 921
300 124 920
301 124 920
302 124 920
303 124 920
304 124 920
305 124 920
306 124 920
307 124 920
308 124 920
309 124 920
310 124 920
311 124 921
312 124 922
313 124 923
314 124 923
315 124 924
316 124 925
317 124 925
319 124 926
320 124 926
321 124 926
322 124 925
323 124 924
324 124 923
325 124 923
326 124 922
327 124 921
300 125 920
301 125 920
302 125 920
303 125 920
304 125 920
305 125 920
306 125 920
307 125 920
308 125 920
309 125 920
310 125 921
311 125 922
312 125 923
313 125 923
314 125 924
316 125 925
317 125 926
318 125 926
319 125 926
320 125 927
321 125 926
322 125 926
323 125 925
324 125 924
325 125 923
326 125 923
327 125 922
300 126 920
301 126 920
302 126 920
303 126 920
304 126 920
305 126 920
306 126 920
307 126 920
308 126 920
309 126 920
310 126 921
311 126 922
312 126 923
313 126 924
315 126 925
316 126 926
317 126 926
318 126 927
319 126 927
320 126 927
321 126 927
322 126 927
323 126 926
324 126 925
325 126 924
326 126 923
327 126 923
300 127 920
301 127 920
302 127 920
303 127 920
304 127 920
305 127 920
306 127 920
307 127 920
308 127 920
309 127 920
310 127 921
311 127 922
312 127 923
313 127 924
315 127 925
316 127 926
317 127 927
318 127 927
319 127 927
320 127 928
321 127 927
322 127 927
323 127 926
324 127 925
325 127 924
326 127 923
327 127 923
300 128 920
301 128 920
302 128 920
303 128 920
304 128 920
305 128 920
306 128 920
307 128 920
308 128 921
309 128 920
310 128 921
311 128 923
312 128 923
313 128 924
315 128 925
316 128 926
317 128 927
318 128 927
319 128 927
320 128 928
321 128 928
322 128 927
323 128 926
324 128 925
325 128 924
326 128 924
327 128 923
300 129 920
301 129 920
302 129 920
303 129 920
304 129 920
305 129 920
306 129 920
307 129 920
308 129 920
309 129 920
310 129 921
311 129 922
312 129 923
313 129 924
315 129 925
316 129 926
317 129 927
318 129 927
319 129 927
320 129 928
321 129 927
322 129 927
323 129 926
324 129 926
325 129 925
326 129 924
327 129 924
300 130 920
302 130 920
303 130 921
304 130 921
305 130 921
306 130 920
307 130 920
308 130 920
309 130 920
310 130 921
311 130 922
312 130 923
313 130 923
314 130 924
315 130 925
317 130 926
318 130 927
319 130 927
320 130 927
321 130 927
322 130 927
323 130 926
324 130 926
325 130 925
326 130 924
327 130 924
301 131 921
302 131 921
303 131 921
304 131 921
305 131 921
306 131 921
307 131 920
308 131 920
309 131 920
310 131 920
311 131 921
312 131 922
313 131 922
314 131 923
315 131 924
316 131 925
317 131 925
318 131 926
320 131 927
321 131 927
322 131 927
323 131 926
324 131 926
325 131 925
326 131 925
300 132 921
301 132 921
302 132 921
303 132 921
304 132 921
305 132 921
306 132 920
307 132 920
308 132 920
309 132 919
310 132 919
311 132 920
312 132 921
313 132 922
314 132 922
315 132 923
316 132 923
317 132 924
318 132 925
319 132 926
320 132 926
321 132 926
322 132 926
323 132 926
324 132 926
325 132 925
326 132 925
300 133 921
301 133 921
302 133 921
303 133 921
304 133 921
305 133 921
306 133 920
307 133 920
308 133 919
309 133 919
310 133 919
311 133 919
312 133 920
313 133 921
314 133 921
315 133 922
316 133 923
317 133 923
318 133 924
319 133 925
320 133 925
321 133 926
322 133 926
323 133 926
324 133 926
325 133 925
326 133 925
300 134 921
301 134 921
302 134 922
303 134 921
304 134 921
305 134 921
306 134 920
307 134 920
308 134 920
309 134 919
310 134 919
311 134 919
312 134 919
313 134 920
314 134 920
315 134 921
316 134 922
317 134 923
318 134 923
319 134 924
320 134 925
321 134 925
322 134 925
323 134 925
324 134 925
325 134 925
326 134 925
300 135 921
301 135 921
302 135 922
303 135 922
304 135 921
305 135 921
306 135 920
307 135 920
308 135 919
309 135 919
310 135 918
311 135 918
312 135 919
313 135 919
314 135 920
315 135 920
316 135 921
317 135 922
318 135 923
319 135 923
320 135 924
321 135 924
322 135 925
323 135 925
324 135 925
325 135 925
326 135 925
300 136 921
301 136 921
302 136 922
303 136 922
304 136 921
305 136 921
306 136 921
307 136 920
308 136 920
309 136 919
310 136 918
311 136 918
312 136 918
313 136 918
314 136 919
315 136 920
316 136 920
317 136 921
318 136 922
319 136 923
320 136 923
321 136 923
322 136 924
323 136 925
324 136 925
325 136 925
326 136 924
300 137 922
301 137 922
302 137 922
303 137 922
304 137 921
305 137 921
306 137 921
307 137 920
308 137 920
309 137 919
310 137 919
311 137 918
312 137 918
313 137 919
314 137 919
315 137 920
316 137 920
317 137 921
318 137 922
319 137 922
320 137 923
321 137 923
322 137 924
323 137 925
324 137 925
325 137 925
326 137 925
327 137 924
300 138 922
301 138 922
302 138 922
303 138 922
304 138 921
305 138 921
306 138 921
307 138 921
308 138 920
309 138 920
310 138 920
311 138 919
312 138 919
313 138 919
314 138 919
315 138 920
316 138 920
317 138 920
318 138 921
319 138 922
320 138 923
321 138 923
322 138 924
323 138 924
324 138 925
325 138 925
326 138 925
327 138 924
301 139 922
302 139 922
303 139 922
304 139 922
305 139 922
306 139 921
307 139 921
308 139 920
309 139 920
310 139 920
311 139 919
312 139 919
313 139 919
314 139 919
315 139 920
316 139 920
317 139 920
318 139 921
319 139 922
320 139 922
321 139 923
322 139 924
323 139 924
324 139 924
325 139 924
326 139 924
327 139 925
302 140 922
303 140 922
304 140 922
305 140 922
306 140 922
307 140 921
308 140 921
309 140 921
310 140 920
311 140 920
312 140 920
313 140 920
314 140 920
315 140 920
316 140 920
317 140 920
318 140 921
319 140 922
320 140 923
321 140 923
322 140 924
323 140 924
324 140 924
325 140 925
326 140 925
327 140 924
303 141 922
304 141 922
305 141 922
306 141 922
307 141 922
308 141 921
309 141 921
310 141 921
311 141 920
312 141 920
313 141 920
314 141 920
315 141 920
316 141 920
317 141 921
319 141 921
320 141 922
321 141 923
322 141 923
323 141 924
324 141 925
325 141 925
326 141 925
327 141 924
304 142 922
306 142 922
307 142 922
308 142 922
309 142 922
310 142 921
311 142 921
312 142 921
313 142 920
314 142 920
315 142 920
316 142 920
319 142 921
320 142 922
321 142 922
322 142 923
323 142 923
324 142 924
325 142 924
326 142 924
327 142 924
305 143 923
306 143 923
307 143 923
308 143 923
309 143 923
310 143 922
311 143 922
312 143 922
313 143 921
314 143 921
315 143 921
316 143 921
320 143 922
321 143 922
322 143 923
323 143 923
324 143 923
325 143 923
326 143 923
327 143 923
305 144 923
306 144 923
307 144 923
308 144 923
309 144 923
310 144 923
311 144 923
312 144 922
313 144 922
314 144 922
315 144 922
316 144 921
320 144 921
321 144 922
322 144 922
323 144 922
324 144 922
325 144 922
326 144 922
305 145 923
306 145 923
307 145 923
308 145 923
309 145 923
310 145 923
311 145 923
312 145 923
313 145 923
314 145 923
315 145 922
316 145 922
320 145 921
321 145 921
322 145 921
323 145 921
324 145 921
325 145 921
326 145 921
305 146 923
306 146 923
307 146 923
308 146 924
309 146 924
310 146 924
311 146 923
312 146 923
313 146 923
314 146 923
315 146 923
316 146 922
320 146 921
321 146 921
322 146 921
323 146 921
324 146 921
325 146 921
326 146 921
306 147 923
307 147 923
308 147 924
309 147 924
310 147 924
311 147 924
312 147 924
313 147 923
314 147 923
315 147 923
320 147 922
321 147 921
322 147 921
323 147 921
324 147 921
325 147 920
326 147 920
308 148 924
309 148 924
310 148 924
311 148 924
312 148 924
313 148 924
314 148 923
315 148 923
320 148 921
321 148 921
322 148 921
323 148 920
324 148 920
325 148 920
326 148 920
310 149 924
311 149 924
312 149 924
313 149 924
320 149 922
321 149 921
322 149 920
323 149 920
324 149 920
325 149 920
326 149 920
321 150 921
322 150 920
323 150 920
324 150 920
325 150 920
326 150 919
