X Y Z
350 208 919
351 208 920
360 208 927
361 208 927
362 208 927
348 209 918
349 209 918
350 209 919
351 209 920
352 209 920
353 209 921
355 209 923
356 209 923
357 209 925
358 209 926
359 209 926
360 209 927
361 209 927
362 209 927
363 209 928
364 209 927
348 210 919
349 210 919
350 210 919
351 210 920
353 210 921
354 210 922
355 210 923
356 210 924
357 210 925
358 210 926
359 210 927
360 210 927
361 210 927
362 210 928
363 210 928
364 210 927
365 210 928
348 211 920
349 211 920
350 211 920
351 211 920
352 211 921
354 211 923
355 211 923
356 211 925
357 211 926
358 211 926
359 211 927
360 211 927
361 211 928
362 211 928
363 211 928
364 211 928
365 211 928
366 211 928
349 212 920
350 212 921
351 212 921
352 212 922
353 212 923
354 212 923
355 212 924
356 212 925
357 212 926
358 212 927
359 212 927
360 212 927
361 212 928
362 212 928
363 212 928
364 212 928
365 212 928
366 212 928
367 212 928
349 213 922
350 213 922
351 213 922
352 213 923
353 213 923
354 213 924
355 213 925
356 213 926
357 213 927
358 213 927
359 213 927
360 213 928
361 213 928
362 213 928
363 213 928
364 213 928
365 213 928
366 213 928
367 213 929
349 214 924
350 214 924
351 214 924
352 214 924
353 214 925
354 214 926
355 214 927
356 214 927
357 214 927
358 214 927
359 214 928
360 214 928
361 214 928
362 214 928
363 214 928
364 214 928
365 214 928
366 214 928
367 214 929
349 215 926
350 215 926
351 215 926
352 215 926
353 215 927
354 215 927
355 215 927
356 215 927
357 215 927
358 215 928
359 215 928
360 215 928
361 215 928
362 215 928
363 215 928
364 215 928
365 215 928
366 215 929
367 215 929
368 215 929
349 216 927
350 216 927
351 216 927
352 216 927
353 216 927
354 216 927
355 216 928
356 216 928
357 216 928
358 216 928
359 216 928
360 216 928
361 216 928
362 216 929
363 216 929
364 216 929
365 216 929
366 216 929
367 216 929
368 216 929
369 216 930
370 216 930
349 217 929
350 217 928
351 217 928
352 217 928
353 217 928
354 217 928
355 217 928
356 217 928
357 217 928
358 217 928
359 217 928
360 217 929
361 217 929
362 217 929
363 217 929
364 217 929
365 217 929
366 217 929
367 217 929
368 217 930
369 217 930
370 217 930
371 217 930
348 218 930
349 218 930
350 218 929
351 218 929
352 218 929
353 218 929
354 218 929
355 218 929
356 218 929
357 218 929
358 218 929
359 218 929
360 218 929
361 218 929
362 218 929
363 218 929
364 218 929
365 218 929
366 218 930
367 218 930
368 218 930
369 218 930
370 218 930
371 218 930
348 219 931
349 219 930
350 219 930
351 219 930
352 219 929
353 219 929
354 219 929
355 219 929
356 219 929
357 219 929
358 219 929
359 219 928
360 219 928
361 219 929
362 219 929
363 219 929
364 219 929
365 219 929
366 219 930
367 219 930
368 219 930
369 219 930
370 219 931
371 219 931
348 220 931
349 220 931
350 220 930
351 220 930
352 220 929
353 220 929
354 220 929
355 220 929
356 220 929
357 220 928
358 220 928
359 220 928
360 220 928
361 220 928
362 220 929
363 220 929
364 220 929
365 220 930
366 220 930
367 220 930
368 220 931
369 220 931
370 220 932
371 220 932
348 221 931
349 221 930
350 221 930
351 221 929
352 221 929
353 221 929
354 221 928
355 221 928
356 221 928
357 221 928
358 221 928
359 221 928
360 221 928
361 221 928
362 221 929
363 221 929
364 221 930
365 221 930
366 221 930
367 221 931
368 221 932
369 221 932
370 221 933
371 221 933
348 222 931
349 222 930
350 222 930
351 222 929
352 222 928
353 222 928
354 222 928
355 222 928
356 222 927
357 222 928
358 222 927
359 222 927
360 222 927
361 222 928
362 222 929
363 222 929
364 222 930
365 222 930
366 222 931
367 222 932
368 222 933
369 222 933
370 222 934
371 222 934
348 223 931
349 223 930
350 223 929
351 223 929
352 223 928
353 223 928
354 223 928
355 223 927
356 223 927
357 223 927
358 223 927
359 223 927
360 223 928
361 223 928
362 223 929
363 223 930
364 223 930
365 223 931
366 223 932
367 223 933
368 223 934
369 223 934
370 223 934
371 223 934
349 224 930
350 224 930
351 224 929
352 224 928
353 224 928
354 224 927
355 224 927
356 224 927
357 224 927
358 224 927
359 224 927
360 224 927
361 224 928
362 224 929
363 224 930
364 224 931
365 224 932
366 224 933
367 224 934
368 224 934
369 224 935
370 224 935
371 224 935
349 225 930
350 225 929
351 225 928
352 225 928
353 225 927
354 225 927
355 225 927
356 225 927
357 225 927
358 225 927
359 225 927
360 225 928
361 225 929
362 225 930
363 225 930
364 225 931
365 225 932
366 225 933
367 225 934
368 225 934
369 225 935
370 225 936
371 225 936
349 226 930
350 226 930
351 226 929
352 226 928
353 226 928
354 226 927
355 226 927
356 226 927
357 226 927
358 226 927
359 226 927
360 226 928
361 226 929
362 226 930
363 226 930
364 226 932
365 226 933
366 226 934
367 226 934
368 226 935
369 226 936
370 226 936
371 226 937
349 227 931
350 227 930
351 227 930
352 227 929
353 227 929
354 227 928
355 227 928
356 227 928
357 227 928
358 227 928
359 227 928
360 227 929
361 227 930
362 227 930
363 227 932
364 227 933
365 227 934
366 227 934
367 227 935
368 227 936
369 227 936
370 227 937
371 227 937
350 228 931
351 228 931
352 228 930
353 228 930
354 228 930
355 228 930
356 228 930
357 228 929
358 228 930
359 228 930
360 228 930
361 228 931
362 228 932
363 228 933
364 228 933
365 228 934
366 228 935
367 228 935
368 228 936
369 228 937
370 228 937
371 228 937
351 229 933
352 229 932
353 229 932
354 229 932
355 229 932
356 229 932
357 229 932
358 229 932
359 229 932
360 229 933
361 229 934
362 229 934
363 229 934
364 229 934
365 229 935
366 229 936
367 229 936
368 229 936
369 229 937
370 229 937
371 229 937
351 230 934
352 230 934
353 230 934
354 230 934
355 230 935
356 230 934
357 230 934
358 230 934
359 230 934
360 230 935
361 230 935
362 230 935
363 230 936
364 230 936
365 230 936
366 230 936
367 230 936
368 230 936
369 230 937
370 230 937
371 230 937
351 231 935
352 231 936
353 231 936
354 231 936
355 231 936
356 231 937
357 231 937
358 231 936
359 231 936
360 231 937
361 231 936
362 231 937
363 231 936
364 231 936
365 231 937
366 231 936
367 231 937
368 231 937
369 231 937
370 231 937
371 231 937
351 232 935
352 232 936
353 232 937
354 232 937
355 232 938
356 232 937
357 232 937
358 232 937
359 232 937
360 232 937
361 232 937
362 232 937
363 232 937
364 232 937
365 232 937
366 232 937
367 232 937
368 232 936
369 232 937
370 232 937
371 232 937
351 233 935
352 233 936
353 233 937
354 233 937
355 233 938
356 233 938
357 233 938
358 233 938
359 233 938
360 233 938
361 233 937
362 233 937
363 233 937
364 233 937
365 233 937
366 233 937
367 233 937
368 233 937
369 233 937
370 233 936
371 233 936
351 234 935
352 234 936
353 234 937
354 234 937
355 234 937
356 234 938
357 234 938
358 234 938
359 234 938
360 234 938
361 234 938
362 234 938
363 234 937
364 234 937
365 234 937
366 234 937
367 234 937
368 234 937
369 234 936
370 234 936
371 234 936
351 235 934
352 235 935
353 235 936
354 235 937
355 235 937
356 235 937
357 235 938
358 235 938
359 235 938
360 235 938
361 235 938
362 235 937
363 235 937
364 235 937
365 235 937
366 235 937
367 235 937
368 235 936
369 235 936
370 235 936
350 236 933
351 236 934
352 236 934
353 236 935
354 236 936
355 236 937
356 236 937
357 236 937
358 236 938
359 236 938
360 236 937
361 236 937
362 236 937
363 236 937
364 236 937
365 236 937
366 236 937
367 236 937
368 236 936
350 237 932
351 237 933
352 237 934
353 237 935
354 237 935
355 237 936
356 237 936
357 237 936
358 237 937
359 237 937
360 237 937
361 237 937
362 237 937
363 237 937
364 237 937
365 237 937
366 237 937
367 237 937
368 237 936
350 238 932
351 238 933
352 238 934
353 238 934
354 238 935
355 238 935
356 238 935
357 238 936
358 238 936
359 238 936
360 238 936
361 238 936
362 238 936
363 238 937
364 238 937
365 238 937
366 238 937
367 238 937
350 239 932
351 239 932
352 239 933
353 239 933
354 239 934
355 239 934
356 239 935
357 239 935
358 239 936
359 239 936
360 239 936
361 239 936
362 239 936
363 239 936
364 239 937
365 239 937
366 239 937
367 239 937
350 240 932
351 240 932
352 240 932
353 240 933
354 240 934
355 240 934
356 240 934
357 240 934
358 240 935
359 240 935
360 240 936
361 240 936
362 240 936
363 240 936
364 240 936
365 240 936
366 240 937
367 240 936
349 241 931
350 241 932
351 241 932
352 241 932
353 241 932
354 241 933
355 241 933
356 241 934
357 241 934
358 241 934
359 241 935
360 241 935
361 241 936
362 241 936
363 241 936
364 241 936
365 241 936
366 241 936
367 241 936
350 242 932
351 242 932
352 242 932
353 242 932
354 242 933
355 242 933
356 242 934
357 242 934
358 242 935
359 242 935
360 242 935
361 242 936
362 242 936
363 242 936
364 242 936
365 242 936
366 242 937
350 243 932
351 243 932
352 243 932
353 243 932
354 243 933
355 243 933
356 243 934
357 243 934
358 243 934
359 243 935
360 243 936
361 243 936
362 243 936
363 243 936
364 243 937
365 243 937
351 244 932
352 244 933
353 244 933
354 244 933
355 244 934
356 244 934
357 244 934
358 244 935
359 244 935
360 244 936
361 244 936
362 244 936
363 244 937
352 245 933
353 245 933
354 245 934
355 245 934
356 245 934
357 245 935
358 245 935
359 245 936
360 245 936
361 245 936
362 245 936
354 246 934
355 246 934
356 246 935
357 246 935
358 246 936
359 246 936
360 246 937
