X Y Z
319 136 923
320 136 923
322 136 924
323 136 924
324 136 925
325 136 925
326 136 925
327 136 926
328 136 926
329 136 926
330 136 927
331 136 927
317 137 922
318 137 921
319 137 922
320 137 922
321 137 923
322 137 923
323 137 923
324 137 924
325 137 924
326 137 925
327 137 925
328 137 926
329 137 926
330 137 927
331 137 927
332 137 927
333 137 927
334 137 927
316 138 921
317 138 921
318 138 920
319 138 921
320 138 921
321 138 922
322 138 922
323 138 923
324 138 923
325 138 924
326 138 924
327 138 925
328 138 925
329 138 926
330 138 926
331 138 926
332 138 926
333 138 926
334 138 927
335 138 927
317 139 920
318 139 920
319 139 920
320 139 920
321 139 921
322 139 922
323 139 922
324 139 923
325 139 923
326 139 924
327 139 924
328 139 925
329 139 926
330 139 926
331 139 926
332 139 926
333 139 927
334 139 927
335 139 927
336 139 927
317 140 920
318 140 920
319 140 920
320 140 920
321 140 921
322 140 921
323 140 922
324 140 922
325 140 923
326 140 923
327 140 924
328 140 924
329 140 925
330 140 926
331 140 926
332 140 926
333 140 926
334 140 927
335 140 927
336 140 927
337 140 927
317 141 920
318 141 920
319 141 921
320 141 921
321 141 921
322 141 921
323 141 922
324 141 922
325 141 923
326 141 923
327 141 923
328 141 924
329 141 925
330 141 925
331 141 926
332 141 926
333 141 926
334 141 927
335 141 927
336 141 926
337 141 926
338 141 926
317 142 921
318 142 920
319 142 921
320 142 921
321 142 922
322 142 922
323 142 922
324 142 923
325 142 923
326 142 923
327 142 924
328 142 924
329 142 925
330 142 926
331 142 926
332 142 926
333 142 926
334 142 926
335 142 926
336 142 926
337 142 926
338 142 926
317 143 921
318 143 921
319 143 922
320 143 922
321 143 922
322 143 923
323 143 923
324 143 923
325 143 924
326 143 924
327 143 925
328 143 925
329 143 925
330 143 926
331 143 926
332 143 926
333 143 926
334 143 926
335 143 926
336 143 926
337 143 926
338 143 925
317 144 923
318 144 922
319 144 923
320 144 923
321 144 923
322 144 923
323 144 923
324 144 924
325 144 924
326 144 925
327 144 925
328 144 926
329 144 925
330 144 926
331 144 926
332 144 926
333 144 926
334 144 926
335 144 926
336 144 926
337 144 925
338 144 925
339 144 925
318 145 923
319 145 923
320 145 923
321 145 924
322 145 924
323 145 924
324 145 925
325 145 925
326 145 925
327 145 926
328 145 926
329 145 926
330 145 926
331 145 927
332 145 927
333 145 927
334 145 927
335 145 926
336 145 926
337 145 925
338 145 925
339 145 925
318 146 924
319 146 924
320 146 924
321 146 924
322 146 925
323 146 925
324 146 925
325 146 926
326 146 926
327 146 926
328 146 927
329 146 927
330 146 927
331 146 927
332 146 927
333 146 927
334 146 927
335 146 926
336 146 926
337 146 925
338 146 925
339 146 925
318 147 925
319 147 925
320 147 925
321 147 925
322 147 926
323 147 926
324 147 926
325 147 926
326 147 927
327 147 927
328 147 927
329 147 927
330 147 928
331 147 927
332 147 927
333 147 927
334 147 927
335 147 927
336 147 926
337 147 926
338 147 925
339 147 925
318 148 926
319 148 926
320 148 926
321 148 927
322 148 927
323 148 927
324 148 927
325 148 927
326 148 928
327 148 928
328 148 928
329 148 928
330 148 928
331 148 928
332 148 928
333 148 927
334 148 927
335 148 927
336 148 927
337 148 926
338 148 926
339 148 925
318 149 927
319 149 927
320 149 927
321 149 928
322 149 928
323 149 928
324 149 929
325 149 929
326 149 929
327 149 929
328 149 929
329 149 929
330 149 929
331 149 928
332 149 928
333 149 928
334 149 928
335 149 927
336 149 927
337 149 927
338 149 926
339 149 926
319 150 928
321 150 929
322 150 929
323 150 930
324 150 930
325 150 930
326 150 930
327 150 930
328 150 930
329 150 930
330 150 929
331 150 929
332 150 929
333 150 928
334 150 928
335 150 927
336 150 927
337 150 927
338 150 926
339 150 926
317 151 928
318 151 928
319 151 929
320 151 930
321 151 930
322 151 930
323 151 931
324 151 931
325 151 931
326 151 931
327 151 931
328 151 931
329 151 931
330 151 930
331 151 930
332 151 929
333 151 929
334 151 928
335 151 928
336 151 927
337 151 927
338 151 927
339 151 926
317 152 929
318 152 929
319 152 930
320 152 930
321 152 931
322 152 931
323 152 932
324 152 933
325 152 933
326 152 933
327 152 933
328 152 933
329 152 933
330 152 932
331 152 931
332 152 930
333 152 930
334 152 928
335 152 928
336 152 927
337 152 927
338 152 927
339 152 927
316 153 929
317 153 929
318 153 930
319 153 931
320 153 931
321 153 932
322 153 933
323 153 934
324 153 934
325 153 934
326 153 934
327 153 934
328 153 934
329 153 934
330 153 933
331 153 931
332 153 930
333 153 930
334 153 929
335 153 928
336 153 927
337 153 927
338 153 927
339 153 927
316 154 929
317 154 930
318 154 930
319 154 931
320 154 932
321 154 933
322 154 934
323 154 934
324 154 935
325 154 935
326 154 935
327 154 935
328 154 934
329 154 934
330 154 934
331 154 932
332 154 931
333 154 930
334 154 929
335 154 928
336 154 927
337 154 927
338 154 927
339 154 927
316 155 929
317 155 930
318 155 930
319 155 931
320 155 932
321 155 933
322 155 934
323 155 934
324 155 934
325 155 935
326 155 935
327 155 935
328 155 935
329 155 934
330 155 934
331 155 932
332 155 931
333 155 930
334 155 929
335 155 928
336 155 927
337 155 927
338 155 927
339 155 927
316 156 929
317 156 930
318 156 930
319 156 931
320 156 932
321 156 933
322 156 933
323 156 934
324 156 935
325 156 935
326 156 935
327 156 935
328 156 935
329 156 934
330 156 934
331 156 932
332 156 931
333 156 930
334 156 929
335 156 928
336 156 927
337 156 927
338 156 927
339 156 927
316 157 928
317 157 929
318 157 929
319 157 930
320 157 931
321 157 932
322 157 932
323 157 933
324 157 934
325 157 935
326 157 934
327 157 934
328 157 934
329 157 934
330 157 932
331 157 932
332 157 931
333 157 930
334 157 929
335 157 928
336 157 927
337 157 927
338 157 927
339 157 927
316 158 927
317 158 928
318 158 928
320 158 929
321 158 930
322 158 931
323 158 932
324 158 933
325 158 933
326 158 934
327 158 934
328 158 934
329 158 933
330 158 932
331 158 931
332 158 931
333 158 930
334 158 929
335 158 928
336 158 928
337 158 927
338 158 927
339 158 927
316 159 926
317 159 926
318 159 927
319 159 928
320 159 929
322 159 930
323 159 930
324 159 931
325 159 932
326 159 932
327 159 933
328 159 933
329 159 932
330 159 932
331 159 931
332 159 930
333 159 930
334 159 929
335 159 928
336 159 928
337 159 927
338 159 927
316 160 925
317 160 925
318 160 925
319 160 926
320 160 927
321 160 928
322 160 929
323 160 930
324 160 930
326 160 931
327 160 932
328 160 932
329 160 931
330 160 931
331 160 930
332 160 930
333 160 930
334 160 929
335 160 928
336 160 928
337 160 928
338 160 927
316 161 924
317 161 924
318 161 924
319 161 924
320 161 926
321 161 927
322 161 927
323 161 929
324 161 930
325 161 930
326 161 930
327 161 931
328 161 931
329 161 931
330 161 930
331 161 930
332 161 929
333 161 930
334 161 929
335 161 928
336 161 928
337 161 928
316 162 923
317 162 923
318 162 923
319 162 923
320 162 924
321 162 926
322 162 927
323 162 928
324 162 928
325 162 929
326 162 930
327 162 930
328 162 930
329 162 930
330 162 930
331 162 930
332 162 930
333 162 929
334 162 929
335 162 928
336 162 928
317 163 923
318 163 923
319 163 923
320 163 924
321 163 925
322 163 926
323 163 927
324 163 928
325 163 928
326 163 929
327 163 929
328 163 929
329 163 929
330 163 929
331 163 929
332 163 929
333 163 929
334 163 928
335 163 928
336 163 928
318 164 922
319 164 923
320 164 923
321 164 924
322 164 926
323 164 927
324 164 927
325 164 927
326 164 928
327 164 928
328 164 928
329 164 929
330 164 929
331 164 928
332 164 928
333 164 928
334 164 928
335 164 928
319 165 923
320 165 924
321 165 925
322 165 925
323 165 926
324 165 927
325 165 927
326 165 927
327 165 928
328 165 928
329 165 928
330 165 928
331 165 928
332 165 928
333 165 928
334 165 927
335 165 927
319 166 923
320 166 924
321 166 925
322 166 926
323 166 926
324 166 927
325 166 927
326 166 927
327 166 927
328 166 927
329 166 928
330 166 928
331 166 927
332 166 927
333 166 927
334 166 927
335 166 927
320 167 925
321 167 925
322 167 926
323 167 927
324 167 927
325 167 927
326 167 927
327 167 927
328 167 927
329 167 927
330 167 927
331 167 927
332 167 927
333 167 927
334 167 927
320 168 926
321 168 926
322 168 927
323 168 927
324 168 927
325 168 927
326 168 927
327 168 927
328 168 927
329 168 927
330 168 927
331 168 927
332 168 927
333 168 927
320 169 927
321 169 927
322 169 927
323 169 927
324 169 927
325 169 927
326 169 927
327 169 927
328 169 927
329 169 927
330 169 927
331 169 927
332 169 927
320 170 927
321 170 927
322 170 927
323 170 928
324 170 928
325 170 928
326 170 927
327 170 927
328 170 927
329 170 927
330 170 927
331 170 927
321 171 928
322 171 928
323 171 928
324 171 928
325 171 928
326 171 928
327 171 927
328 171 927
329 171 927
330 171 927
325 172 928
326 172 928
327 172 928
