X Y Z
319 236 935
320 236 936
321 236 936
322 236 936
323 236 937
324 236 937
325 236 937
326 236 936
327 236 935
318 237 935
319 237 935
320 237 936
321 237 936
322 237 937
323 237 937
324 237 937
325 237 938
326 237 938
327 237 936
328 237 936
329 237 935
330 237 935
331 237 934
332 237 932
333 237 931
334 237 930
316 238 934
318 238 935
319 238 936
320 238 936
321 238 936
322 238 937
323 238 938
324 238 938
325 238 938
326 238 938
327 238 937
328 238 937
329 238 936
330 238 936
331 238 935
332 238 934
333 238 932
334 238 931
316 239 935
317 239 935
318 239 935
319 239 936
320 239 936
321 239 936
322 239 937
323 239 937
324 239 938
325 239 938
326 239 938
327 239 938
328 239 937
329 239 937
330 239 937
331 239 936
332 239 935
333 239 934
334 239 933
316 240 935
317 240 935
318 240 935
319 240 936
320 240 936
321 240 937
322 240 937
323 240 937
324 240 938
325 240 938
326 240 938
327 240 938
328 240 938
329 240 938
330 240 938
331 240 937
332 240 936
333 240 935
334 240 934
316 241 935
317 241 935
318 241 935
319 241 936
320 241 936
321 241 937
322 241 937
323 241 937
324 241 938
325 241 938
326 241 938
327 241 938
328 241 938
329 241 938
330 241 938
331 241 938
332 241 937
333 241 936
334 241 935
316 242 936
317 242 935
318 242 936
319 242 936
320 242 936
321 242 936
323 242 937
324 242 938
325 242 938
326 242 938
327 242 938
328 242 938
329 242 938
330 242 938
331 242 938
332 242 937
333 242 937
334 242 936
316 243 936
317 243 936
318 243 936
319 243 936
320 243 936
321 243 936
322 243 936
324 243 937
325 243 937
327 243 938
328 243 938
329 243 938
330 243 938
331 243 938
332 243 938
333 243 937
334 243 937
316 244 936
317 244 936
318 244 936
319 244 936
320 244 936
321 244 936
322 244 936
323 244 936
324 244 937
325 244 937
326 244 937
327 244 937
328 244 937
329 244 937
330 244 938
331 244 938
332 244 938
333 244 937
334 244 937
316 245 937
317 245 936
318 245 936
319 245 936
320 245 936
321 245 936
322 245 936
323 245 936
324 245 936
325 245 936
326 245 936
327 245 936
328 245 936
329 245 937
330 245 937
331 245 937
332 245 937
333 245 937
334 245 937
316 246 937
317 246 937
318 246 936
319 246 936
320 246 936
321 246 936
322 246 936
323 246 936
324 246 935
325 246 935
326 246 935
327 246 936
328 246 936
329 246 936
330 246 936
331 246 937
332 246 937
333 246 937
334 246 937
316 247 937
317 247 937
318 247 936
319 247 936
320 247 936
321 247 936
322 247 936
323 247 936
324 247 935
325 247 935
326 247 935
327 247 935
328 247 936
329 247 936
330 247 936
331 247 937
332 247 937
333 247 937
334 247 937
316 248 937
317 248 937
318 248 936
319 248 936
320 248 936
321 248 936
322 248 936
323 248 936
324 248 935
325 248 935
326 248 936
327 248 936
328 248 936
329 248 936
330 248 937
331 248 937
332 248 937
333 248 937
334 248 937
317 249 936
318 249 936
319 249 936
320 249 936
321 249 936
322 249 936
323 249 936
324 249 937
325 249 937
326 249 937
327 249 936
328 249 937
329 249 937
330 249 937
331 249 937
332 249 937
333 249 937
334 249 937
317 250 936
318 250 936
319 250 936
320 250 936
321 250 936
322 250 937
323 250 937
324 250 936
325 250 936
326 250 937
327 250 937
328 250 937
329 250 937
330 250 937
331 250 937
332 250 937
333 250 937
317 251 936
318 251 936
319 251 936
320 251 936
322 251 937
323 251 937
324 251 937
325 251 937
326 251 937
327 251 937
328 251 937
329 251 937
330 251 937
331 251 938
332 251 938
333 251 938
317 252 936
318 252 936
319 252 936
320 252 936
322 252 937
323 252 937
324 252 937
325 252 937
326 252 937
327 252 937
328 252 938
329 252 937
330 252 937
331 252 938
332 252 938
333 252 938
317 253 937
318 253 937
319 253 937
320 253 937
321 253 937
322 253 937
323 253 937
324 253 937
325 253 937
326 253 938
327 253 938
328 253 938
329 253 938
330 253 938
331 253 938
332 253 938
333 253 938
317 254 937
318 254 937
319 254 937
320 254 937
321 254 937
322 254 938
323 254 938
324 254 938
325 254 938
326 254 938
327 254 938
328 254 938
329 254 938
330 254 938
331 254 938
332 254 938
333 254 938
317 255 937
318 255 938
319 255 938
320 255 938
321 255 938
322 255 938
323 255 938
324 255 938
325 255 938
326 255 938
327 255 938
328 255 938
329 255 938
330 255 938
331 255 938
332 255 938
333 255 938
317 256 938
318 256 938
319 256 938
320 256 938
321 256 938
322 256 938
323 256 938
324 256 938
325 256 939
326 256 939
327 256 939
328 256 939
329 256 939
330 256 938
331 256 939
332 256 939
333 256 939
317 257 939
318 257 938
319 257 939
320 257 939
321 257 939
322 257 939
323 257 939
324 257 939
325 257 939
326 257 939
327 257 939
328 257 939
329 257 939
330 257 939
331 257 939
332 257 939
317 258 940
318 258 940
319 258 939
320 258 940
321 258 940
322 258 939
323 258 939
324 258 939
325 258 939
326 258 939
327 258 939
328 258 939
329 258 939
330 258 939
331 258 939
332 258 939
317 259 941
318 259 941
319 259 940
320 259 940
321 259 940
322 259 940
323 259 940
324 259 940
325 259 940
326 259 940
327 259 940
328 259 940
329 259 940
330 259 939
331 259 939
332 259 939
318 260 942
319 260 942
320 260 941
321 260 941
322 260 941
323 260 941
324 260 940
325 260 940
326 260 940
327 260 939
329 260 940
330 260 940
331 260 940
318 261 942
319 261 942
320 261 942
321 261 942
322 261 941
323 261 941
324 261 941
325 261 941
326 261 941
327 261 940
328 261 940
329 261 940
330 261 940
331 261 940
319 262 943
320 262 943
321 262 942
322 262 942
323 262 942
324 262 942
325 262 941
326 262 941
327 262 941
328 262 940
329 262 940
330 262 940
331 262 940
319 263 944
320 263 943
321 263 943
322 263 942
323 263 942
324 263 942
325 263 942
326 263 942
327 263 941
328 263 941
329 263 940
330 263 940
331 263 940
320 264 943
321 264 943
322 264 943
323 264 942
324 264 942
325 264 942
326 264 942
327 264 942
328 264 941
329 264 941
330 264 940
320 265 944
321 265 944
322 265 943
323 265 943
324 265 943
325 265 942
326 265 942
327 265 942
328 265 942
329 265 941
320 266 944
321 266 944
322 266 943
323 266 943
324 266 943
325 266 942
326 266 942
327 266 942
328 266 942
321 267 944
322 267 944
323 267 943
324 267 943
325 267 943
326 267 942
327 267 942
325 268 943
