X Y Z
294 284 935
295 284 935
296 284 936
297 284 936
298 284 936
292 285 936
293 285 936
294 285 936
295 285 936
296 285 936
297 285 935
298 285 935
299 285 935
292 286 937
293 286 936
294 286 936
295 286 936
296 286 936
297 286 935
298 286 935
299 286 935
292 287 937
293 287 937
294 287 937
295 287 936
296 287 936
297 287 935
298 287 935
299 287 935
300 287 935
292 288 938
293 288 938
294 288 937
295 288 937
296 288 936
297 288 936
298 288 936
299 288 936
300 288 935
301 288 935
292 289 938
293 289 938
294 289 938
295 289 937
296 289 937
297 289 936
298 289 936
299 289 936
300 289 936
301 289 936
302 289 936
292 290 938
293 290 938
294 290 938
295 290 938
296 290 937
297 290 937
298 290 937
299 290 937
300 290 937
301 290 937
302 290 937
292 291 938
293 291 938
294 291 938
295 291 938
296 291 938
297 291 937
298 291 938
299 291 938
300 291 938
301 291 938
302 291 938
303 291 938
292 292 938
293 292 938
294 292 938
295 292 938
296 292 938
297 292 938
298 292 938
299 292 938
300 292 938
301 292 938
302 292 939
303 292 940
292 293 938
293 293 938
294 293 938
295 293 938
296 293 938
297 293 938
298 293 938
299 293 939
300 293 939
301 293 939
302 293 940
303 293 941
292 294 938
293 294 938
294 294 938
295 294 938
296 294 938
297 294 938
298 294 939
299 294 940
300 294 940
301 294 941
302 294 942
303 294 942
292 295 938
293 295 938
294 295 938
295 295 938
296 295 938
297 295 939
298 295 940
299 295 940
300 295 941
301 295 941
302 295 942
303 295 942
292 296 938
293 296 938
294 296 938
295 296 938
296 296 939
297 296 939
298 296 940
299 296 940
300 296 941
301 296 942
302 296 942
303 296 943
292 297 939
293 297 939
294 297 939
295 297 939
296 297 940
297 297 940
298 297 940
299 297 941
300 297 941
301 297 942
302 297 942
303 297 943
292 298 940
293 298 940
294 298 940
295 298 940
296 298 940
297 298 941
298 298 941
299 298 941
300 298 942
301 298 942
302 298 942
303 298 943
292 299 941
293 299 941
294 299 941
295 299 941
296 299 941
297 299 941
298 299 941
299 299 941
300 299 942
301 299 942
302 299 942
303 299 942
292 300 942
293 300 942
294 300 941
295 300 941
296 300 941
297 300 941
298 300 941
299 300 942
300 300 942
301 300 942
302 300 942
303 300 943
292 301 942
293 301 942
294 301 942
295 301 942
296 301 942
297 301 942
298 301 942
299 301 942
300 301 942
301 301 942
302 301 942
303 301 943
292 302 943
293 302 943
294 302 943
295 302 942
296 302 942
297 302 942
298 302 942
299 302 942
300 302 942
301 302 942
302 302 943
303 302 943
293 303 944
294 303 943
295 303 943
296 303 943
297 303 942
298 303 942
299 303 943
300 303 943
301 303 943
302 303 943
