X Y Z
322 192 929
323 192 929
324 192 928
325 192 927
326 192 927
327 192 927
328 192 926
329 192 925
330 192 926
320 193 930
321 193 930
322 193 930
323 193 929
324 193 929
325 193 928
326 193 927
327 193 927
328 193 926
329 193 926
330 193 926
331 193 926
320 194 931
321 194 930
322 194 930
323 194 930
324 194 929
325 194 928
326 194 928
327 194 927
328 194 927
329 194 927
330 194 926
331 194 927
320 195 931
321 195 931
322 195 930
323 195 930
324 195 930
325 195 929
326 195 928
327 195 928
328 195 927
329 195 927
330 195 927
331 195 927
332 195 927
320 196 931
321 196 931
322 196 931
323 196 930
324 196 930
325 196 929
326 196 929
327 196 928
328 196 927
329 196 928
330 196 927
331 196 927
332 196 927
333 196 927
334 196 927
320 197 931
321 197 931
322 197 931
323 197 930
324 197 930
325 197 930
326 197 929
327 197 928
328 197 928
329 197 927
330 197 927
331 197 927
332 197 927
333 197 927
334 197 927
335 197 927
320 198 931
321 198 930
322 198 930
323 198 930
324 198 930
325 198 929
326 198 929
327 198 928
328 198 928
329 198 928
330 198 928
331 198 928
332 198 927
333 198 927
334 198 927
335 198 927
336 198 927
320 199 930
321 199 930
322 199 930
323 199 929
324 199 929
325 199 929
326 199 928
327 199 928
328 199 927
329 199 927
330 199 927
331 199 927
332 199 927
333 199 927
334 199 927
335 199 927
336 199 927
320 200 929
321 200 929
322 200 929
323 200 929
324 200 928
325 200 928
326 200 928
327 200 927
328 200 927
329 200 927
330 200 927
331 200 927
332 200 927
333 200 927
334 200 927
335 200 927
336 200 926
320 201 928
321 201 928
322 201 928
323 201 928
324 201 928
325 201 927
326 201 927
327 201 927
328 201 927
329 201 926
330 201 926
331 201 926
332 201 926
333 201 926
334 201 926
335 201 926
336 201 926
320 202 927
321 202 927
322 202 927
323 202 927
324 202 927
325 202 927
326 202 927
327 202 926
328 202 926
329 202 926
330 202 926
331 202 926
332 202 926
333 202 926
334 202 926
335 202 926
336 202 926
337 202 926
320 203 927
321 203 927
322 203 926
323 203 926
324 203 926
325 203 926
326 203 926
327 203 925
328 203 925
329 203 925
330 203 925
331 203 925
332 203 925
333 203 925
334 203 925
335 203 925
336 203 925
320 204 926
321 204 926
322 204 926
323 204 926
324 204 925
325 204 925
326 204 925
327 204 924
328 204 924
329 204 924
330 204 924
331 204 924
332 204 924
333 204 924
334 204 924
335 204 925
336 204 925
320 205 925
321 205 925
322 205 925
323 205 924
324 205 924
325 205 924
326 205 924
327 205 924
328 205 923
329 205 924
330 205 924
331 205 924
332 205 924
333 205 924
334 205 924
335 205 924
336 205 925
320 206 924
321 206 924
322 206 923
323 206 923
324 206 923
325 206 923
326 206 923
327 206 923
328 206 923
329 206 923
330 206 923
331 206 923
332 206 923
333 206 924
334 206 924
335 206 924
336 206 924
320 207 923
321 207 923
322 207 923
323 207 923
324 207 923
325 207 923
326 207 923
327 207 923
328 207 923
329 207 923
330 207 923
331 207 923
332 207 923
333 207 924
334 207 923
335 207 924
336 207 924
320 208 923
321 208 923
322 208 923
323 208 923
324 208 923
325 208 923
326 208 923
327 208 923
328 208 923
329 208 923
330 208 923
331 208 923
332 208 924
333 208 923
334 208 924
335 208 924
336 208 924
320 209 923
321 209 923
322 209 923
323 209 922
324 209 922
325 209 923
326 209 923
327 209 923
328 209 923
329 209 923
330 209 923
331 209 923
332 209 924
333 209 924
334 209 924
335 209 924
336 209 924
320 210 923
321 210 922
322 210 923
323 210 922
324 210 922
325 210 922
326 210 923
327 210 923
328 210 923
329 210 923
330 210 923
331 210 924
332 210 924
333 210 925
334 210 925
335 210 925
336 210 925
320 211 923
321 211 923
322 211 923
323 211 923
324 211 923
325 211 923
326 211 923
327 211 923
328 211 923
329 211 924
330 211 924
331 211 925
332 211 925
333 211 925
334 211 925
335 211 925
336 211 925
320 212 923
321 212 923
322 212 923
323 212 923
324 212 923
325 212 923
326 212 923
327 212 924
328 212 924
329 212 924
330 212 925
331 212 925
332 212 926
333 212 926
334 212 926
335 212 926
320 213 923
321 213 923
322 213 923
323 213 923
324 213 923
325 213 923
326 213 924
327 213 924
328 213 924
329 213 925
330 213 925
331 213 926
332 213 926
333 213 926
334 213 926
335 213 926
320 214 925
321 214 924
322 214 924
323 214 924
324 214 924
325 214 924
326 214 925
327 214 925
328 214 926
329 214 926
330 214 926
331 214 926
332 214 927
333 214 927
334 214 927
335 214 927
320 215 927
321 215 927
322 215 927
323 215 927
324 215 926
325 215 926
326 215 927
327 215 927
328 215 927
329 215 927
330 215 927
331 215 928
332 215 928
333 215 928
334 215 928
320 216 930
321 216 929
322 216 929
323 216 929
324 216 928
325 216 929
326 216 929
327 216 929
328 216 929
329 216 929
330 216 929
331 216 929
332 216 928
320 217 931
321 217 931
322 217 931
323 217 931
324 217 931
325 217 931
326 217 931
327 217 931
328 217 931
329 217 931
330 217 931
331 217 930
320 218 933
321 218 933
322 218 933
323 218 933
324 218 934
325 218 934
326 218 934
327 218 933
328 218 933
329 218 932
330 218 932
331 218 932
321 219 934
322 219 934
324 219 935
325 219 935
326 219 935
327 219 935
328 219 934
329 219 934
330 219 934
322 220 935
323 220 936
324 220 936
325 220 936
326 220 936
327 220 936
328 220 935
329 220 935
323 221 937
324 221 937
325 221 938
326 221 938
327 221 938
328 221 937
324 222 938
325 222 938
326 222 938
327 222 938
325 223 938
326 223 939
