X Y Z
334 84 912
335 84 912
336 84 912
337 84 912
338 84 913
339 84 913
340 84 913
341 84 914
342 84 914
343 84 915
332 85 912
333 85 912
334 85 912
335 85 912
336 85 913
337 85 913
338 85 914
339 85 914
340 85 914
341 85 914
342 85 915
343 85 916
344 85 916
345 85 917
346 85 917
332 86 911
333 86 912
334 86 912
335 86 913
336 86 913
337 86 914
338 86 914
339 86 914
340 86 915
341 86 915
342 86 916
343 86 916
344 86 917
345 86 917
346 86 917
332 87 911
333 87 912
334 87 912
335 87 913
336 87 913
337 87 914
338 87 914
339 87 915
340 87 915
341 87 916
342 87 916
343 87 917
344 87 917
345 87 917
346 87 917
332 88 911
333 88 912
334 88 912
335 88 913
336 88 913
337 88 914
338 88 915
339 88 915
340 88 915
341 88 916
342 88 916
343 88 917
344 88 917
345 88 917
346 88 917
347 88 917
332 89 912
333 89 912
334 89 912
335 89 913
336 89 914
337 89 914
338 89 915
339 89 915
340 89 916
341 89 916
342 89 917
343 89 917
344 89 917
345 89 917
346 89 917
347 89 917
332 90 912
333 90 912
334 90 912
335 90 913
336 90 913
337 90 914
338 90 914
339 90 915
340 90 916
341 90 916
342 90 917
343 90 917
344 90 917
345 90 917
346 90 917
347 90 916
332 91 912
333 91 912
334 91 912
335 91 913
336 91 913
337 91 914
338 91 915
339 91 915
340 91 916
341 91 916
342 91 917
343 91 917
344 91 917
345 91 917
346 91 916
347 91 916
332 92 912
333 92 912
334 92 912
335 92 913
336 92 913
337 92 914
338 92 915
339 92 916
340 92 916
341 92 916
342 92 917
343 92 917
344 92 917
345 92 917
346 92 917
347 92 916
332 93 912
333 93 912
334 93 913
335 93 913
336 93 914
337 93 914
338 93 915
339 93 916
340 93 916
341 93 917
342 93 917
343 93 917
344 93 917
345 93 917
346 93 916
347 93 916
332 94 913
333 94 913
334 94 913
335 94 914
336 94 914
337 94 915
338 94 915
339 94 916
340 94 917
341 94 917
342 94 917
343 94 917
344 94 917
345 94 917
346 94 917
347 94 917
332 95 914
333 95 914
334 95 914
335 95 914
336 95 914
337 95 915
338 95 916
339 95 917
340 95 917
341 95 917
342 95 918
343 95 917
344 95 918
345 95 918
346 95 917
347 95 917
332 96 914
333 96 914
334 96 914
335 96 915
336 96 915
337 96 916
338 96 916
339 96 917
340 96 917
341 96 918
342 96 918
343 96 918
344 96 918
345 96 918
346 96 918
347 96 918
332 97 915
333 97 915
334 97 915
335 97 916
336 97 917
337 97 917
338 97 917
339 97 918
340 97 918
341 97 919
342 97 918
343 97 919
344 97 919
345 97 919
346 97 918
347 97 919
332 98 916
333 98 916
334 98 917
335 98 917
336 98 917
337 98 918
338 98 918
339 98 918
340 98 919
341 98 919
342 98 919
343 98 919
344 98 919
345 98 920
346 98 919
347 98 919
348 98 919
332 99 917
333 99 917
334 99 917
335 99 918
336 99 918
337 99 918
338 99 919
339 99 919
340 99 919
341 99 919
342 99 919
343 99 919
344 99 919
345 99 919
346 99 919
347 99 920
348 99 920
332 100 917
333 100 918
334 100 918
335 100 919
336 100 919
337 100 919
338 100 920
339 100 919
340 100 919
341 100 919
342 100 919
343 100 919
344 100 919
345 100 919
346 100 919
347 100 920
348 100 920
349 100 920
332 101 918
333 101 918
334 101 918
335 101 919
336 101 919
337 101 919
338 101 920
339 101 920
340 101 919
341 101 919
342 101 919
343 101 919
344 101 919
345 101 920
346 101 920
347 101 920
348 101 920
349 101 921
350 101 921
332 102 918
333 102 918
334 102 919
335 102 919
336 102 919
337 102 920
338 102 920
339 102 920
340 102 919
341 102 919
342 102 919
343 102 919
344 102 920
345 102 920
346 102 920
347 102 920
348 102 921
349 102 921
350 102 921
332 103 918
333 103 918
334 103 918
335 103 919
336 103 919
337 103 919
338 103 919
339 103 919
340 103 919
341 103 919
342 103 920
343 103 920
344 103 920
345 103 920
346 103 920
347 103 921
348 103 921
349 103 921
350 103 921
351 103 921
332 104 917
333 104 917
334 104 917
335 104 918
336 104 918
337 104 918
338 104 918
339 104 918
340 104 919
341 104 919
342 104 919
343 104 919
344 104 920
345 104 920
346 104 920
347 104 921
348 104 921
349 104 921
350 104 921
351 104 921
332 105 916
333 105 916
334 105 916
335 105 917
336 105 917
337 105 917
338 105 917
339 105 917
340 105 918
341 105 918
342 105 919
343 105 919
344 105 920
345 105 920
346 105 920
347 105 921
348 105 921
349 105 921
350 105 921
351 105 921
332 106 914
333 106 914
334 106 915
335 106 915
336 106 915
337 106 916
338 106 916
339 106 917
340 106 917
341 106 918
342 106 919
343 106 919
344 106 920
345 106 920
346 106 921
347 106 921
348 106 921
349 106 921
350 106 921
351 106 921
332 107 912
333 107 912
334 107 913
335 107 914
336 107 914
337 107 914
338 107 915
339 107 916
340 107 917
341 107 917
342 107 918
343 107 919
344 107 920
345 107 920
346 107 921
347 107 921
348 107 921
349 107 922
350 107 922
351 107 921
332 108 911
333 108 911
334 108 911
335 108 912
336 108 912
337 108 913
338 108 914
339 108 915
340 108 916
341 108 917
342 108 919
343 108 920
344 108 920
345 108 921
346 108 921
347 108 922
348 108 922
349 108 922
350 108 921
351 108 921
332 109 909
333 109 909
334 109 910
335 109 911
336 109 912
337 109 912
338 109 914
339 109 915
340 109 916
341 109 918
342 109 919
343 109 920
344 109 921
345 109 921
346 109 922
347 109 922
348 109 922
349 109 922
350 109 921
351 109 921
332 110 908
333 110 909
334 110 909
335 110 909
336 110 910
337 110 912
338 110 913
339 110 914
340 110 916
341 110 917
342 110 919
343 110 920
344 110 920
345 110 921
346 110 922
347 110 922
348 110 922
349 110 921
350 110 921
351 110 920
332 111 907
333 111 908
334 111 908
335 111 909
336 111 910
337 111 911
338 111 913
339 111 914
340 111 916
341 111 917
342 111 919
343 111 920
344 111 920
345 111 921
346 111 921
347 111 921
348 111 921
349 111 921
350 111 921
351 111 920
332 112 907
333 112 907
335 112 909
336 112 909
337 112 911
338 112 912
339 112 914
340 112 916
341 112 917
342 112 918
343 112 920
344 112 920
345 112 920
346 112 921
347 112 921
348 112 921
349 112 920
350 112 920
332 113 907
334 113 908
335 113 909
336 113 909
337 113 911
338 113 912
339 113 914
340 113 916
341 113 917
342 113 918
343 113 919
344 113 919
345 113 920
346 113 920
347 113 920
348 113 920
349 113 920
350 113 920
332 114 909
333 114 908
334 114 909
335 114 909
336 114 910
337 114 912
338 114 913
339 114 914
340 114 916
341 114 917
342 114 918
343 114 919
344 114 919
345 114 920
346 114 920
347 114 920
348 114 920
349 114 919
350 114 919
332 115 910
333 115 910
334 115 911
335 115 911
336 115 912
337 115 912
338 115 913
339 115 915
340 115 916
341 115 916
342 115 917
343 115 917
344 115 917
345 115 918
346 115 919
347 115 919
348 115 919
349 115 919
332 116 912
333 116 912
334 116 912
335 116 912
336 116 913
337 116 914
338 116 914
339 116 915
340 116 916
341 116 916
342 116 917
343 116 917
344 116 917
345 116 917
346 116 918
347 116 917
348 116 917
332 117 914
333 117 913
334 117 914
335 117 914
336 117 914
337 117 914
338 117 914
339 117 915
340 117 916
341 117 916
342 117 916
343 117 917
344 117 917
345 117 917
346 117 917
347 117 917
348 117 917
332 118 915
333 118 915
334 118 915
335 118 915
336 118 915
337 118 915
338 118 915
339 118 916
340 118 916
341 118 916
342 118 916
343 118 917
344 118 916
345 118 917
346 118 917
347 118 917
332 119 917
333 119 916
334 119 916
335 119 916
336 119 916
337 119 916
338 119 916
339 119 916
340 119 916
341 119 916
342 119 917
343 119 916
344 119 917
345 119 917
346 119 917
347 119 917
332 120 918
333 120 917
334 120 917
335 120 917
336 120 917
337 120 917
338 120 917
339 120 917
340 120 917
341 120 917
342 120 917
343 120 916
344 120 916
345 120 917
346 120 917
347 120 917
332 121 919
333 121 918
334 121 918
335 121 918
336 121 917
337 121 917
338 121 917
339 121 917
340 121 917
341 121 917
342 121 917
343 121 917
344 121 917
345 121 917
346 121 917
347 121 917
332 122 920
333 122 919
334 122 919
335 122 918
336 122 918
337 122 917
338 122 917
339 122 917
340 122 917
341 122 917
342 122 917
343 122 917
344 122 917
345 122 917
346 122 917
347 122 917
332 123 920
333 123 920
334 123 920
335 123 919
336 123 919
337 123 919
338 123 918
339 123 918
340 123 918
341 123 917
342 123 917
343 123 917
344 123 917
345 123 917
346 123 917
347 123 917
332 124 921
333 124 920
334 124 920
335 124 920
336 124 919
337 124 919
338 124 919
339 124 919
340 124 918
341 124 918
342 124 918
343 124 918
344 124 917
345 124 917
346 124 917
347 124 917
332 125 921
333 125 921
334 125 920
335 125 920
336 125 920
337 125 920
338 125 920
339 125 919
340 125 919
341 125 918
342 125 918
343 125 918
344 125 918
345 125 917
346 125 917
347 125 917
332 126 921
333 126 921
334 126 921
335 126 921
336 126 921
337 126 920
338 126 920
339 126 919
340 126 919
341 126 918
342 126 918
343 126 918
344 126 918
345 126 918
346 126 917
347 126 917
332 127 922
333 127 922
334 127 922
335 127 921
336 127 921
337 127 920
338 127 920
339 127 920
340 127 920
341 127 919
342 127 919
343 127 919
344 127 919
345 127 918
346 127 918
347 127 918
332 128 923
333 128 922
334 128 922
335 128 922
336 128 922
337 128 921
338 128 921
339 128 920
340 128 920
341 128 920
342 128 920
343 128 920
344 128 919
345 128 919
346 128 918
332 129 923
333 129 923
334 129 923
335 129 922
336 129 922
337 129 922
338 129 922
339 129 921
340 129 921
341 129 920
342 129 920
343 129 920
344 129 920
345 129 919
332 130 923
333 130 923
334 130 923
335 130 923
336 130 923
337 130 923
338 130 922
339 130 922
340 130 921
341 130 921
342 130 921
343 130 921
344 130 920
333 131 923
334 131 923
335 131 923
336 131 923
337 131 923
338 131 923
339 131 922
340 131 922
341 131 921
342 131 921
343 131 921
334 132 923
335 132 923
336 132 923
337 132 923
338 132 923
339 132 922
340 132 922
341 132 922
342 132 922
337 133 923
338 133 923
339 133 922
340 133 923
341 133 922
