X Y Z
299 308 945
300 308 945
301 308 945
302 308 946
303 308 946
304 308 946
305 308 946
306 308 946
297 309 945
298 309 945
299 309 945
300 309 945
301 309 945
302 309 946
303 309 946
304 309 946
305 309 947
306 309 947
307 309 947
296 310 946
297 310 945
298 310 945
299 310 946
300 310 946
301 310 946
302 310 946
303 310 946
304 310 946
305 310 946
306 310 946
307 310 947
296 311 946
297 311 946
298 311 946
299 311 946
300 311 946
301 311 946
302 311 946
303 311 946
304 311 946
305 311 946
306 311 946
307 311 947
296 312 946
297 312 946
298 312 946
299 312 946
300 312 946
301 312 946
302 312 946
303 312 946
304 312 946
305 312 946
306 312 947
307 312 947
296 313 946
297 313 946
298 313 946
299 313 946
300 313 946
301 313 946
302 313 946
303 313 946
304 313 946
305 313 946
306 313 947
307 313 947
296 314 946
297 314 946
298 314 946
299 314 946
300 314 946
301 314 946
302 314 946
303 314 946
304 314 946
305 314 946
306 314 946
307 314 946
296 315 946
297 315 946
298 315 946
299 315 946
300 315 945
301 315 945
302 315 945
303 315 946
304 315 946
305 315 946
306 315 946
307 315 946
296 316 946
297 316 946
298 316 946
299 316 946
300 316 946
301 316 946
302 316 946
303 316 946
304 316 946
305 316 946
306 316 946
307 316 946
296 317 946
297 317 946
298 317 946
299 317 946
300 317 946
301 317 946
302 317 946
303 317 946
304 317 946
305 317 946
306 317 946
307 317 946
296 318 946
297 318 946
298 318 946
299 318 946
300 318 946
301 318 946
302 318 946
303 318 946
304 318 946
305 318 946
306 318 946
307 318 946
296 319 947
297 319 946
298 319 946
299 319 946
300 319 946
301 319 946
302 319 946
303 319 946
304 319 946
305 319 946
306 319 946
307 319 946
296 320 947
297 320 947
298 320 946
299 320 946
300 320 946
301 320 946
302 320 946
303 320 946
304 320 946
305 320 946
306 320 946
307 320 946
296 321 948
297 321 947
298 321 947
299 321 947
300 321 947
301 321 947
302 321 947
303 321 946
304 321 947
305 321 947
306 321 947
307 321 947
296 322 948
297 322 948
298 322 947
299 322 948
300 322 947
301 322 947
302 322 947
303 322 947
304 322 947
305 322 947
306 322 947
307 322 947
296 323 948
297 323 948
298 323 948
299 323 948
300 323 948
301 323 948
302 323 948
303 323 948
304 323 948
305 323 947
306 323 947
307 323 947
296 324 948
297 324 948
298 324 948
299 324 948
300 324 948
301 324 948
302 324 948
303 324 948
304 324 948
305 324 948
306 324 947
307 324 947
296 325 947
297 325 947
298 325 948
299 325 948
300 325 948
301 325 948
302 325 947
303 325 948
304 325 948
305 325 947
306 325 947
307 325 947
296 326 946
297 326 947
298 326 947
299 326 947
300 326 947
301 326 947
302 326 947
303 326 948
304 326 948
305 326 948
306 326 948
307 326 947
296 327 946
297 327 946
298 327 946
299 327 947
300 327 947
301 327 947
302 327 947
303 327 947
304 327 948
305 327 947
306 327 947
307 327 947
296 328 945
297 328 946
298 328 946
299 328 946
300 328 946
301 328 947
302 328 947
303 328 947
304 328 947
305 328 947
306 328 948
307 328 947
297 329 945
298 329 945
299 329 946
300 329 946
301 329 946
302 329 946
303 329 947
304 329 947
305 329 948
306 329 948
307 329 947
297 330 944
298 330 945
299 330 945
300 330 946
301 330 946
302 330 947
303 330 947
304 330 947
305 330 947
306 330 947
307 330 948
298 331 945
299 331 945
300 331 946
301 331 946
302 331 946
303 331 947
304 331 947
305 331 947
306 331 947
307 331 948
299 332 945
300 332 946
301 332 946
302 332 946
303 332 947
304 332 947
305 332 948
306 332 948
307 332 948
300 333 946
301 333 946
302 333 947
303 333 947
304 333 948
305 333 948
306 333 948
307 333 949
300 334 946
301 334 946
302 334 947
303 334 948
304 334 948
305 334 949
306 334 949
307 334 949
301 335 947
302 335 948
303 335 949
304 335 949
305 335 950
306 335 950
