X Y Z
351 248 935
352 248 935
353 248 935
354 248 935
355 248 936
356 248 936
357 248 936
358 248 937
349 249 936
350 249 935
351 249 936
352 249 936
353 249 936
354 249 936
355 249 936
356 249 936
357 249 937
358 249 937
359 249 938
348 250 937
349 250 937
350 250 937
351 250 937
352 250 937
353 250 937
354 250 937
355 250 937
356 250 937
357 250 938
358 250 938
359 250 938
348 251 938
349 251 938
350 251 938
351 251 937
352 251 937
353 251 937
354 251 937
355 251 938
356 251 938
357 251 938
358 251 938
359 251 938
348 252 938
349 252 938
350 252 938
351 252 938
352 252 938
353 252 938
354 252 938
355 252 938
356 252 938
357 252 938
358 252 938
359 252 938
348 253 939
349 253 939
350 253 938
351 253 938
352 253 938
353 253 938
354 253 938
355 253 938
356 253 938
357 253 937
358 253 938
359 253 938
348 254 939
349 254 939
350 254 938
351 254 938
352 254 938
353 254 938
354 254 938
355 254 937
356 254 937
357 254 937
358 254 937
359 254 936
348 255 939
349 255 939
350 255 938
351 255 938
352 255 938
353 255 937
354 255 937
355 255 937
356 255 936
357 255 936
358 255 936
359 255 935
348 256 939
349 256 938
350 256 938
351 256 938
352 256 937
353 256 937
354 256 936
355 256 936
356 256 935
357 256 935
358 256 935
359 256 934
349 257 938
350 257 938
351 257 937
352 257 937
353 257 936
354 257 936
355 257 935
356 257 935
357 257 934
358 257 934
359 257 934
349 258 938
350 258 938
351 258 937
352 258 937
353 258 936
354 258 935
355 258 934
356 258 934
357 258 934
358 258 933
359 258 933
349 259 938
350 259 937
351 259 937
352 259 936
353 259 935
354 259 934
355 259 934
356 259 934
357 259 933
358 259 932
359 259 932
349 260 938
350 260 938
351 260 937
352 260 936
353 260 936
354 260 935
355 260 934
356 260 934
357 260 933
358 260 932
359 260 932
349 261 938
350 261 938
351 261 937
352 261 937
353 261 936
354 261 935
355 261 934
356 261 934
357 261 933
358 261 932
359 261 932
349 262 938
350 262 938
351 262 937
352 262 937
353 262 936
354 262 935
355 262 935
356 262 934
357 262 933
358 262 933
359 262 932
350 263 938
351 263 938
352 263 937
353 263 937
354 263 936
355 263 935
356 263 935
357 263 934
358 263 933
351 264 938
352 264 938
353 264 937
354 264 937
355 264 936
356 264 935
357 264 935
352 265 938
353 265 938
354 265 938
355 265 937
356 265 936
352 266 939
353 266 939
354 266 938
355 266 938
353 267 939
354 267 939
