X Y Z
327 271 942
328 271 942
329 271 941
330 271 941
331 271 941
332 271 941
333 271 940
334 271 940
335 271 940
325 272 942
326 272 942
327 272 942
328 272 941
329 272 941
330 272 941
331 272 941
332 272 941
333 272 940
334 272 940
335 272 940
336 272 940
325 273 942
326 273 942
327 273 941
328 273 941
329 273 941
330 273 941
331 273 941
332 273 941
333 273 940
334 273 940
335 273 940
336 273 941
337 273 941
324 274 941
325 274 941
326 274 941
327 274 941
328 274 941
329 274 941
330 274 941
331 274 941
332 274 941
333 274 940
334 274 940
335 274 941
336 274 941
337 274 941
324 275 940
325 275 941
326 275 941
327 275 941
328 275 941
329 275 940
330 275 941
331 275 941
332 275 941
333 275 940
334 275 941
335 275 941
336 275 941
337 275 942
338 275 942
324 276 940
325 276 940
326 276 940
327 276 940
328 276 940
329 276 940
330 276 940
331 276 940
332 276 941
333 276 941
334 276 941
335 276 941
336 276 942
337 276 942
338 276 942
325 277 940
326 277 940
327 277 940
328 277 940
329 277 940
330 277 940
331 277 940
332 277 941
333 277 941
334 277 941
335 277 941
336 277 942
337 277 942
338 277 942
324 278 940
325 278 940
326 278 940
328 278 941
329 278 941
330 278 941
331 278 941
332 278 941
333 278 941
334 278 941
335 278 941
336 278 942
337 278 942
338 278 942
339 278 943
324 279 940
326 279 941
327 279 941
328 279 941
329 279 941
330 279 942
331 279 942
332 279 942
333 279 942
334 279 942
335 279 942
336 279 942
337 279 942
338 279 942
339 279 943
324 280 941
325 280 941
326 280 942
327 280 942
328 280 942
329 280 942
330 280 942
331 280 942
332 280 942
333 280 942
334 280 942
335 280 942
336 280 942
337 280 942
338 280 942
339 280 943
325 281 942
326 281 942
327 281 942
328 281 943
329 281 943
330 281 943
331 281 943
332 281 943
333 281 943
334 281 943
335 281 942
336 281 942
337 281 942
338 281 942
339 281 943
325 282 942
326 282 943
327 282 943
328 282 943
329 282 944
330 282 944
331 282 944
332 282 944
333 282 943
334 282 943
335 282 943
336 282 942
337 282 942
338 282 942
339 282 942
325 283 942
326 283 944
327 283 944
328 283 944
329 283 945
330 283 944
331 283 945
332 283 944
333 283 944
334 283 943
335 283 943
336 283 943
337 283 943
338 283 942
339 283 942
325 284 944
326 284 944
327 284 945
328 284 945
329 284 945
330 284 945
331 284 945
332 284 945
333 284 945
334 284 944
335 284 943
336 284 943
337 284 943
338 284 942
339 284 942
325 285 944
326 285 945
327 285 945
328 285 945
329 285 945
330 285 946
331 285 946
332 285 945
333 285 945
334 285 945
335 285 944
336 285 943
337 285 943
338 285 942
326 286 945
327 286 945
328 286 946
329 286 946
330 286 946
331 286 946
332 286 946
333 286 945
334 286 945
335 286 944
336 286 943
337 286 943
338 286 942
326 287 945
327 287 945
328 287 946
329 287 946
330 287 946
331 287 946
332 287 945
333 287 945
334 287 945
335 287 944
336 287 943
337 287 943
327 288 945
328 288 945
329 288 945
330 288 945
331 288 945
332 288 945
333 288 945
334 288 944
335 288 944
336 288 943
327 289 944
328 289 945
329 289 945
330 289 945
331 289 945
332 289 945
333 289 944
334 289 944
335 289 943
328 290 944
329 290 944
330 290 944
331 290 944
332 290 943
333 290 943
334 290 943
335 290 943
329 291 943
330 291 943
331 291 943
332 291 943
333 291 943
334 291 943
