293 284
294 284
295 284
296 284
297 284
298 284
292 285
293 285
294 285
295 285
296 285
297 285
298 285
299 285
292 286
293 286
294 286
295 286
296 286
297 286
298 286
299 286
292 287
293 287
294 287
295 287
296 287
297 287
298 287
299 287
300 287
292 288
293 288
294 288
295 288
296 288
297 288
298 288
299 288
300 288
301 288
292 289
293 289
294 289
295 289
296 289
297 289
298 289
299 289
300 289
301 289
302 289
292 290
293 290
294 290
295 290
296 290
297 290
298 290
299 290
300 290
301 290
302 290
292 291
293 291
294 291
295 291
296 291
297 291
298 291
299 291
300 291
301 291
302 291
303 291
292 292
293 292
294 292
295 292
296 292
297 292
298 292
299 292
300 292
301 292
302 292
303 292
292 293
293 293
294 293
295 293
296 293
297 293
298 293
299 293
300 293
301 293
302 293
303 293
292 294
293 294
294 294
295 294
296 294
297 294
298 294
299 294
300 294
301 294
302 294
303 294
292 295
293 295
294 295
295 295
296 295
297 295
298 295
299 295
300 295
301 295
302 295
303 295
292 296
293 296
294 296
295 296
296 296
297 296
298 296
299 296
300 296
301 296
302 296
303 296
292 297
293 297
294 297
295 297
296 297
297 297
298 297
299 297
300 297
301 297
302 297
303 297
292 298
293 298
294 298
295 298
296 298
297 298
298 298
299 298
300 298
301 298
302 298
303 298
292 299
293 299
294 299
295 299
296 299
297 299
298 299
299 299
300 299
301 299
302 299
303 299
292 300
293 300
294 300
295 300
296 300
297 300
298 300
299 300
300 300
301 300
302 300
303 300
292 301
293 301
294 301
295 301
296 301
297 301
298 301
299 301
300 301
301 301
302 301
303 301
292 302
293 302
294 302
295 302
296 302
297 302
298 302
299 302
300 302
301 302
302 302
303 302
293 303
294 303
295 303
296 303
297 303
298 303
299 303
300 303
301 303
302 303
