318 136
319 136
320 136
322 136
323 136
324 136
325 136
326 136
327 136
328 136
329 136
330 136
331 136
317 137
318 137
319 137
320 137
321 137
322 137
323 137
324 137
325 137
326 137
327 137
328 137
329 137
330 137
331 137
332 137
333 137
334 137
316 138
317 138
318 138
319 138
320 138
321 138
322 138
323 138
324 138
325 138
326 138
327 138
328 138
329 138
330 138
331 138
332 138
333 138
334 138
335 138
317 139
318 139
319 139
320 139
321 139
322 139
323 139
324 139
325 139
326 139
327 139
328 139
329 139
330 139
331 139
332 139
333 139
334 139
335 139
336 139
317 140
318 140
319 140
320 140
321 140
322 140
323 140
324 140
325 140
326 140
327 140
328 140
329 140
330 140
331 140
332 140
333 140
334 140
335 140
336 140
337 140
317 141
318 141
319 141
320 141
321 141
322 141
323 141
324 141
325 141
326 141
327 141
328 141
329 141
330 141
331 141
332 141
333 141
334 141
335 141
336 141
337 141
338 141
317 142
318 142
319 142
320 142
321 142
322 142
323 142
324 142
325 142
326 142
327 142
328 142
329 142
330 142
331 142
332 142
333 142
334 142
335 142
336 142
337 142
338 142
317 143
318 143
319 143
320 143
321 143
322 143
323 143
324 143
325 143
326 143
327 143
328 143
329 143
330 143
331 143
332 143
333 143
334 143
335 143
336 143
337 143
338 143
317 144
318 144
319 144
320 144
321 144
322 144
323 144
324 144
325 144
326 144
327 144
328 144
329 144
330 144
331 144
332 144
333 144
334 144
335 144
336 144
337 144
338 144
339 144
318 145
319 145
320 145
321 145
322 145
323 145
324 145
325 145
326 145
327 145
328 145
329 145
330 145
331 145
332 145
333 145
334 145
335 145
336 145
337 145
338 145
339 145
318 146
319 146
320 146
321 146
322 146
323 146
324 146
325 146
326 146
327 146
328 146
329 146
330 146
331 146
332 146
333 146
334 146
335 146
336 146
337 146
338 146
339 146
318 147
319 147
320 147
321 147
322 147
323 147
324 147
325 147
326 147
327 147
328 147
329 147
330 147
331 147
332 147
333 147
334 147
335 147
336 147
337 147
338 147
339 147
318 148
319 148
320 148
321 148
322 148
323 148
324 148
325 148
326 148
327 148
328 148
329 148
330 148
331 148
332 148
333 148
334 148
335 148
336 148
337 148
338 148
339 148
318 149
319 149
320 149
321 149
322 149
323 149
324 149
325 149
326 149
327 149
328 149
329 149
330 149
331 149
332 149
333 149
334 149
335 149
336 149
337 149
338 149
339 149
318 150
319 150
320 150
321 150
322 150
323 150
324 150
325 150
326 150
327 150
328 150
329 150
330 150
331 150
332 150
333 150
334 150
335 150
336 150
337 150
338 150
339 150
317 151
318 151
319 151
320 151
321 151
322 151
323 151
324 151
325 151
326 151
327 151
328 151
329 151
330 151
331 151
332 151
333 151
334 151
335 151
336 151
337 151
338 151
339 151
317 152
318 152
319 152
320 152
321 152
322 152
323 152
324 152
325 152
326 152
327 152
328 152
329 152
330 152
331 152
332 152
333 152
334 152
335 152
336 152
337 152
338 152
339 152
316 153
317 153
318 153
319 153
320 153
321 153
322 153
323 153
324 153
325 153
326 153
327 153
328 153
329 153
330 153
331 153
332 153
333 153
334 153
335 153
336 153
337 153
338 153
339 153
316 154
317 154
318 154
319 154
320 154
321 154
322 154
323 154
324 154
325 154
326 154
327 154
328 154
329 154
330 154
331 154
332 154
333 154
334 154
335 154
336 154
337 154
338 154
339 154
316 155
317 155
318 155
319 155
320 155
321 155
322 155
323 155
324 155
325 155
326 155
327 155
328 155
329 155
330 155
331 155
332 155
333 155
334 155
335 155
336 155
337 155
338 155
339 155
316 156
317 156
318 156
319 156
320 156
321 156
322 156
323 156
324 156
325 156
326 156
327 156
328 156
329 156
330 156
331 156
332 156
333 156
334 156
335 156
336 156
337 156
338 156
339 156
316 157
317 157
318 157
319 157
320 157
321 157
322 157
323 157
324 157
325 157
326 157
327 157
328 157
329 157
330 157
331 157
332 157
333 157
334 157
335 157
336 157
337 157
338 157
339 157
316 158
317 158
318 158
319 158
320 158
321 158
322 158
323 158
324 158
325 158
326 158
327 158
328 158
329 158
330 158
331 158
332 158
333 158
334 158
335 158
336 158
337 158
338 158
339 158
316 159
317 159
318 159
319 159
320 159
321 159
322 159
323 159
324 159
325 159
326 159
327 159
328 159
329 159
330 159
331 159
332 159
333 159
334 159
335 159
336 159
337 159
338 159
316 160
317 160
318 160
319 160
320 160
321 160
322 160
323 160
324 160
325 160
326 160
327 160
328 160
329 160
330 160
331 160
332 160
333 160
334 160
335 160
336 160
337 160
338 160
316 161
317 161
318 161
319 161
320 161
321 161
322 161
323 161
324 161
325 161
326 161
327 161
328 161
329 161
330 161
331 161
332 161
333 161
334 161
335 161
336 161
337 161
316 162
317 162
318 162
319 162
320 162
321 162
322 162
323 162
324 162
325 162
326 162
327 162
328 162
329 162
330 162
331 162
332 162
333 162
334 162
335 162
336 162
317 163
318 163
319 163
320 163
321 163
322 163
323 163
324 163
325 163
326 163
327 163
328 163
329 163
330 163
331 163
332 163
333 163
334 163
335 163
336 163
318 164
319 164
320 164
321 164
322 164
323 164
324 164
325 164
326 164
327 164
328 164
329 164
330 164
331 164
332 164
333 164
334 164
335 164
319 165
320 165
321 165
322 165
323 165
324 165
325 165
326 165
327 165
328 165
329 165
330 165
331 165
332 165
333 165
334 165
335 165
319 166
320 166
321 166
322 166
323 166
324 166
325 166
326 166
327 166
328 166
329 166
330 166
331 166
332 166
333 166
334 166
335 166
320 167
321 167
322 167
323 167
324 167
325 167
326 167
327 167
328 167
329 167
330 167
331 167
332 167
333 167
334 167
320 168
321 168
322 168
323 168
324 168
325 168
326 168
327 168
328 168
329 168
330 168
331 168
332 168
333 168
320 169
321 169
322 169
323 169
324 169
325 169
326 169
327 169
328 169
329 169
330 169
331 169
332 169
320 170
321 170
322 170
323 170
324 170
325 170
326 170
327 170
328 170
329 170
330 170
331 170
321 171
322 171
323 171
324 171
325 171
326 171
327 171
328 171
329 171
330 171
325 172
326 172
327 172
