318 236
319 236
320 236
321 236
322 236
323 236
324 236
325 236
326 236
327 236
317 237
318 237
319 237
320 237
321 237
322 237
323 237
324 237
325 237
326 237
327 237
328 237
329 237
330 237
331 237
332 237
333 237
334 237
316 238
317 238
318 238
319 238
320 238
321 238
322 238
323 238
324 238
325 238
326 238
327 238
328 238
329 238
330 238
331 238
332 238
333 238
334 238
316 239
317 239
318 239
319 239
320 239
321 239
322 239
323 239
324 239
325 239
326 239
327 239
328 239
329 239
330 239
331 239
332 239
333 239
334 239
316 240
317 240
318 240
319 240
320 240
321 240
322 240
323 240
324 240
325 240
326 240
327 240
328 240
329 240
330 240
331 240
332 240
333 240
334 240
316 241
317 241
318 241
319 241
320 241
321 241
322 241
323 241
324 241
325 241
326 241
327 241
328 241
329 241
330 241
331 241
332 241
333 241
334 241
316 242
317 242
318 242
319 242
320 242
321 242
322 242
323 242
324 242
325 242
326 242
327 242
328 242
329 242
330 242
331 242
332 242
333 242
334 242
316 243
317 243
318 243
319 243
320 243
321 243
322 243
323 243
324 243
325 243
326 243
327 243
328 243
329 243
330 243
331 243
332 243
333 243
334 243
316 244
317 244
318 244
319 244
320 244
321 244
322 244
323 244
324 244
325 244
326 244
327 244
328 244
329 244
330 244
331 244
332 244
333 244
334 244
316 245
317 245
318 245
319 245
320 245
321 245
322 245
323 245
324 245
325 245
326 245
327 245
328 245
329 245
330 245
331 245
332 245
333 245
334 245
316 246
317 246
318 246
319 246
320 246
321 246
322 246
323 246
324 246
325 246
326 246
327 246
328 246
329 246
330 246
331 246
332 246
333 246
334 246
316 247
317 247
318 247
319 247
320 247
321 247
322 247
323 247
324 247
325 247
326 247
327 247
328 247
329 247
330 247
331 247
332 247
333 247
334 247
316 248
317 248
318 248
319 248
320 248
321 248
322 248
323 248
324 248
325 248
326 248
327 248
328 248
329 248
330 248
331 248
332 248
333 248
334 248
317 249
318 249
319 249
320 249
321 249
322 249
323 249
324 249
325 249
326 249
327 249
328 249
329 249
330 249
331 249
332 249
333 249
334 249
317 250
318 250
319 250
320 250
321 250
322 250
323 250
324 250
325 250
326 250
327 250
328 250
329 250
330 250
331 250
332 250
333 250
317 251
318 251
319 251
320 251
321 251
322 251
323 251
324 251
325 251
326 251
327 251
328 251
329 251
330 251
331 251
332 251
333 251
317 252
318 252
319 252
320 252
321 252
322 252
323 252
324 252
325 252
326 252
327 252
328 252
329 252
330 252
331 252
332 252
333 252
317 253
318 253
319 253
320 253
321 253
322 253
323 253
324 253
325 253
326 253
327 253
328 253
329 253
330 253
331 253
332 253
333 253
317 254
318 254
319 254
320 254
321 254
322 254
323 254
324 254
325 254
326 254
327 254
328 254
329 254
330 254
331 254
332 254
333 254
317 255
318 255
319 255
320 255
321 255
322 255
323 255
324 255
325 255
326 255
327 255
328 255
329 255
330 255
331 255
332 255
333 255
317 256
318 256
319 256
320 256
321 256
322 256
323 256
324 256
325 256
326 256
327 256
328 256
329 256
330 256
331 256
332 256
333 256
317 257
318 257
319 257
320 257
321 257
322 257
323 257
324 257
325 257
326 257
327 257
328 257
329 257
330 257
331 257
332 257
317 258
318 258
319 258
320 258
321 258
322 258
323 258
324 258
325 258
326 258
327 258
328 258
329 258
330 258
331 258
332 258
317 259
318 259
319 259
320 259
321 259
322 259
323 259
324 259
325 259
326 259
327 259
328 259
329 259
330 259
331 259
332 259
318 260
319 260
320 260
321 260
322 260
323 260
324 260
325 260
326 260
327 260
328 260
329 260
330 260
331 260
318 261
319 261
320 261
321 261
322 261
323 261
324 261
325 261
326 261
327 261
328 261
329 261
330 261
331 261
319 262
320 262
321 262
322 262
323 262
324 262
325 262
326 262
327 262
328 262
329 262
330 262
331 262
319 263
320 263
321 263
322 263
323 263
324 263
325 263
326 263
327 263
328 263
329 263
330 263
331 263
320 264
321 264
322 264
323 264
324 264
325 264
326 264
327 264
328 264
329 264
330 264
320 265
321 265
322 265
323 265
324 265
325 265
326 265
327 265
328 265
329 265
320 266
321 266
322 266
323 266
324 266
325 266
326 266
327 266
328 266
321 267
322 267
323 267
324 267
325 267
326 267
327 267
325 268
