290 200
291 200
292 200
293 200
294 200
295 200
296 200
289 201
290 201
291 201
292 201
293 201
294 201
295 201
296 201
297 201
298 201
288 202
289 202
290 202
291 202
292 202
293 202
294 202
295 202
296 202
297 202
298 202
288 203
289 203
290 203
291 203
292 203
293 203
294 203
295 203
296 203
297 203
298 203
299 203
288 204
289 204
290 204
291 204
292 204
293 204
294 204
295 204
296 204
297 204
298 204
299 204
288 205
289 205
290 205
291 205
292 205
293 205
294 205
295 205
296 205
297 205
298 205
299 205
288 206
289 206
290 206
291 206
292 206
293 206
294 206
295 206
296 206
297 206
298 206
299 206
288 207
289 207
290 207
291 207
292 207
293 207
294 207
295 207
296 207
297 207
298 207
299 207
288 208
289 208
290 208
291 208
292 208
293 208
294 208
295 208
296 208
297 208
298 208
299 208
288 209
289 209
290 209
291 209
292 209
293 209
294 209
295 209
296 209
297 209
298 209
299 209
288 210
289 210
290 210
291 210
292 210
293 210
294 210
295 210
296 210
297 210
298 210
299 210
288 211
289 211
290 211
291 211
292 211
293 211
294 211
295 211
296 211
297 211
298 211
299 211
288 212
289 212
290 212
291 212
292 212
293 212
294 212
295 212
296 212
297 212
298 212
299 212
288 213
289 213
290 213
291 213
292 213
293 213
294 213
295 213
296 213
297 213
298 213
299 213
288 214
289 214
290 214
291 214
292 214
293 214
294 214
295 214
296 214
297 214
298 214
299 214
288 215
289 215
290 215
291 215
292 215
293 215
294 215
295 215
296 215
297 215
298 215
299 215
288 216
289 216
290 216
291 216
292 216
293 216
294 216
295 216
296 216
297 216
298 216
299 216
288 217
289 217
290 217
291 217
292 217
293 217
294 217
295 217
296 217
297 217
298 217
299 217
288 218
289 218
290 218
291 218
292 218
293 218
294 218
295 218
296 218
297 218
298 218
299 218
288 219
289 219
290 219
291 219
292 219
293 219
294 219
295 219
296 219
297 219
298 219
299 219
288 220
289 220
290 220
291 220
292 220
293 220
294 220
295 220
296 220
297 220
298 220
299 220
288 221
289 221
290 221
291 221
292 221
293 221
294 221
295 221
296 221
297 221
298 221
299 221
288 222
289 222
290 222
291 222
292 222
293 222
294 222
295 222
296 222
297 222
298 222
299 222
289 223
290 223
291 223
292 223
293 223
294 223
295 223
296 223
297 223
298 223
289 224
290 224
291 224
292 224
293 224
294 224
295 224
296 224
297 224
290 225
291 225
292 225
293 225
294 225
295 225
296 225
291 226
292 226
293 226
294 226
295 226
293 227
