293 232
294 232
295 232
296 232
297 232
298 232
292 233
293 233
294 233
295 233
296 233
297 233
298 233
299 233
292 234
293 234
294 234
295 234
296 234
297 234
298 234
299 234
300 234
292 235
293 235
294 235
295 235
296 235
297 235
298 235
299 235
300 235
292 236
293 236
294 236
295 236
296 236
297 236
298 236
299 236
300 236
292 237
293 237
294 237
295 237
296 237
297 237
298 237
299 237
300 237
292 238
293 238
294 238
295 238
296 238
297 238
298 238
299 238
300 238
301 238
292 239
293 239
294 239
295 239
296 239
297 239
298 239
299 239
300 239
301 239
292 240
293 240
294 240
295 240
296 240
297 240
298 240
299 240
300 240
301 240
292 241
293 241
294 241
295 241
296 241
297 241
298 241
299 241
300 241
301 241
292 242
293 242
294 242
295 242
296 242
297 242
298 242
299 242
300 242
292 243
293 243
294 243
295 243
296 243
297 243
298 243
299 243
300 243
292 244
293 244
294 244
295 244
296 244
297 244
298 244
299 244
300 244
292 245
293 245
294 245
295 245
296 245
297 245
298 245
299 245
300 245
292 246
293 246
294 246
295 246
296 246
297 246
298 246
299 246
300 246
292 247
293 247
294 247
295 247
296 247
297 247
298 247
299 247
300 247
292 248
293 248
294 248
295 248
296 248
297 248
298 248
299 248
300 248
292 249
293 249
294 249
295 249
296 249
297 249
298 249
299 249
300 249
292 250
293 250
294 250
295 250
296 250
297 250
298 250
299 250
300 250
292 251
293 251
294 251
295 251
296 251
297 251
298 251
299 251
300 251
292 252
293 252
294 252
295 252
296 252
297 252
298 252
299 252
292 253
293 253
294 253
295 253
296 253
297 253
298 253
299 253
292 254
293 254
294 254
295 254
296 254
297 254
298 254
299 254
292 255
293 255
294 255
295 255
296 255
297 255
298 255
299 255
293 256
294 256
295 256
296 256
297 256
298 256
293 257
294 257
295 257
296 257
297 257
294 258
