298 308
299 308
300 308
301 308
302 308
303 308
304 308
305 308
306 308
297 309
298 309
299 309
300 309
301 309
302 309
303 309
304 309
305 309
306 309
307 309
296 310
297 310
298 310
299 310
300 310
301 310
302 310
303 310
304 310
305 310
306 310
307 310
296 311
297 311
298 311
299 311
300 311
301 311
302 311
303 311
304 311
305 311
306 311
307 311
296 312
297 312
298 312
299 312
300 312
301 312
302 312
303 312
304 312
305 312
306 312
307 312
296 313
297 313
298 313
299 313
300 313
301 313
302 313
303 313
304 313
305 313
306 313
307 313
296 314
297 314
298 314
299 314
300 314
301 314
302 314
303 314
304 314
305 314
306 314
307 314
296 315
297 315
298 315
299 315
300 315
301 315
302 315
303 315
304 315
305 315
306 315
307 315
296 316
297 316
298 316
299 316
300 316
301 316
302 316
303 316
304 316
305 316
306 316
307 316
296 317
297 317
298 317
299 317
300 317
301 317
302 317
303 317
304 317
305 317
306 317
307 317
296 318
297 318
298 318
299 318
300 318
301 318
302 318
303 318
304 318
305 318
306 318
307 318
296 319
297 319
298 319
299 319
300 319
301 319
302 319
303 319
304 319
305 319
306 319
307 319
296 320
297 320
298 320
299 320
300 320
301 320
302 320
303 320
304 320
305 320
306 320
307 320
296 321
297 321
298 321
299 321
300 321
301 321
302 321
303 321
304 321
305 321
306 321
307 321
296 322
297 322
298 322
299 322
300 322
301 322
302 322
303 322
304 322
305 322
306 322
307 322
296 323
297 323
298 323
299 323
300 323
301 323
302 323
303 323
304 323
305 323
306 323
307 323
296 324
297 324
298 324
299 324
300 324
301 324
302 324
303 324
304 324
305 324
306 324
307 324
296 325
297 325
298 325
299 325
300 325
301 325
302 325
303 325
304 325
305 325
306 325
307 325
296 326
297 326
298 326
299 326
300 326
301 326
302 326
303 326
304 326
305 326
306 326
307 326
296 327
297 327
298 327
299 327
300 327
301 327
302 327
303 327
304 327
305 327
306 327
307 327
296 328
297 328
298 328
299 328
300 328
301 328
302 328
303 328
304 328
305 328
306 328
307 328
297 329
298 329
299 329
300 329
301 329
302 329
303 329
304 329
305 329
306 329
307 329
297 330
298 330
299 330
300 330
301 330
302 330
303 330
304 330
305 330
306 330
307 330
298 331
299 331
300 331
301 331
302 331
303 331
304 331
305 331
306 331
307 331
299 332
300 332
301 332
302 332
303 332
304 332
305 332
306 332
307 332
300 333
301 333
302 333
303 333
304 333
305 333
306 333
307 333
300 334
301 334
302 334
303 334
304 334
305 334
306 334
307 334
301 335
302 335
303 335
304 335
305 335
306 335
