330 92
331 92
332 92
333 92
334 92
335 92
336 92
337 92
338 92
329 93
330 93
331 93
332 93
333 93
334 93
335 93
336 93
337 93
338 93
339 93
328 94
329 94
330 94
331 94
332 94
333 94
334 94
335 94
336 94
337 94
338 94
339 94
328 95
329 95
330 95
331 95
332 95
333 95
334 95
335 95
336 95
337 95
338 95
339 95
310 96
311 96
312 96
313 96
328 96
329 96
330 96
331 96
332 96
333 96
334 96
335 96
336 96
337 96
338 96
339 96
309 97
310 97
311 97
312 97
313 97
314 97
328 97
329 97
330 97
331 97
332 97
333 97
334 97
335 97
336 97
337 97
338 97
339 97
308 98
309 98
310 98
311 98
312 98
313 98
314 98
315 98
328 98
329 98
330 98
331 98
332 98
333 98
334 98
335 98
336 98
337 98
338 98
339 98
307 99
308 99
309 99
310 99
311 99
312 99
313 99
314 99
315 99
316 99
328 99
329 99
330 99
331 99
332 99
333 99
334 99
335 99
336 99
337 99
338 99
339 99
306 100
307 100
308 100
309 100
310 100
311 100
312 100
313 100
314 100
315 100
316 100
317 100
318 100
328 100
329 100
330 100
331 100
332 100
333 100
334 100
335 100
336 100
337 100
338 100
339 100
305 101
306 101
307 101
308 101
309 101
310 101
311 101
312 101
313 101
314 101
315 101
316 101
317 101
318 101
328 101
329 101
330 101
331 101
332 101
333 101
334 101
335 101
336 101
337 101
338 101
339 101
305 102
306 102
307 102
308 102
309 102
310 102
311 102
312 102
313 102
314 102
315 102
316 102
317 102
318 102
319 102
328 102
329 102
330 102
331 102
332 102
333 102
334 102
335 102
336 102
337 102
338 102
339 102
304 103
305 103
306 103
307 103
308 103
309 103
310 103
311 103
312 103
313 103
314 103
315 103
316 103
317 103
318 103
319 103
328 103
329 103
330 103
331 103
332 103
333 103
334 103
335 103
336 103
337 103
338 103
339 103
304 104
305 104
306 104
307 104
308 104
309 104
310 104
311 104
312 104
313 104
314 104
315 104
316 104
317 104
318 104
319 104
329 104
330 104
331 104
332 104
333 104
334 104
335 104
336 104
337 104
338 104
339 104
304 105
305 105
306 105
307 105
308 105
309 105
310 105
311 105
312 105
313 105
314 105
315 105
316 105
317 105
318 105
319 105
320 105
329 105
330 105
331 105
332 105
333 105
334 105
335 105
336 105
337 105
338 105
339 105
304 106
305 106
306 106
307 106
308 106
309 106
310 106
311 106
312 106
313 106
314 106
315 106
316 106
317 106
318 106
319 106
320 106
321 106
329 106
330 106
331 106
332 106
333 106
334 106
335 106
336 106
337 106
338 106
339 106
304 107
305 107
306 107
307 107
308 107
309 107
310 107
311 107
312 107
313 107
314 107
315 107
316 107
317 107
318 107
319 107
320 107
321 107
322 107
329 107
330 107
331 107
332 107
333 107
334 107
335 107
336 107
337 107
338 107
339 107
304 108
305 108
306 108
307 108
308 108
309 108
310 108
311 108
312 108
313 108
314 108
315 108
316 108
317 108
318 108
319 108
320 108
321 108
322 108
330 108
331 108
332 108
333 108
334 108
335 108
336 108
337 108
338 108
339 108
304 109
305 109
306 109
307 109
308 109
309 109
310 109
311 109
312 109
313 109
314 109
315 109
316 109
317 109
318 109
319 109
320 109
321 109
322 109
323 109
330 109
331 109
332 109
333 109
334 109
335 109
336 109
337 109
338 109
339 109
304 110
305 110
306 110
307 110
308 110
309 110
310 110
311 110
312 110
313 110
314 110
315 110
316 110
317 110
318 110
319 110
320 110
321 110
322 110
323 110
330 110
331 110
332 110
333 110
334 110
335 110
336 110
337 110
338 110
339 110
304 111
305 111
306 111
307 111
308 111
309 111
310 111
311 111
312 111
313 111
314 111
315 111
316 111
317 111
318 111
319 111
320 111
321 111
322 111
323 111
330 111
331 111
332 111
333 111
334 111
335 111
336 111
337 111
338 111
339 111
304 112
305 112
306 112
307 112
308 112
309 112
310 112
311 112
312 112
313 112
314 112
315 112
316 112
317 112
318 112
319 112
320 112
321 112
322 112
323 112
331 112
332 112
333 112
334 112
335 112
336 112
337 112
338 112
339 112
304 113
305 113
306 113
307 113
308 113
309 113
310 113
311 113
312 113
313 113
314 113
315 113
316 113
317 113
318 113
319 113
320 113
321 113
322 113
323 113
331 113
332 113
333 113
334 113
335 113
336 113
337 113
338 113
339 113
304 114
305 114
306 114
307 114
308 114
309 114
310 114
311 114
312 114
313 114
314 114
315 114
316 114
317 114
318 114
319 114
320 114
321 114
322 114
323 114
331 114
332 114
333 114
334 114
335 114
336 114
337 114
338 114
339 114
304 115
305 115
306 115
307 115
308 115
309 115
310 115
311 115
312 115
313 115
314 115
315 115
316 115
317 115
318 115
319 115
320 115
321 115
322 115
323 115
324 115
331 115
332 115
333 115
334 115
335 115
336 115
337 115
338 115
339 115
304 116
305 116
306 116
307 116
308 116
309 116
310 116
311 116
312 116
313 116
314 116
315 116
316 116
317 116
318 116
319 116
320 116
321 116
322 116
323 116
324 116
330 116
331 116
332 116
333 116
334 116
335 116
336 116
337 116
338 116
339 116
304 117
305 117
306 117
307 117
308 117
309 117
310 117
311 117
312 117
313 117
314 117
315 117
316 117
317 117
318 117
319 117
320 117
321 117
322 117
323 117
324 117
325 117
330 117
331 117
332 117
333 117
334 117
335 117
336 117
337 117
338 117
339 117
304 118
305 118
306 118
307 118
308 118
309 118
310 118
311 118
312 118
313 118
314 118
315 118
316 118
317 118
318 118
319 118
320 118
321 118
322 118
323 118
324 118
325 118
326 118
327 118
330 118
331 118
332 118
333 118
334 118
335 118
336 118
337 118
338 118
339 118
304 119
305 119
306 119
307 119
308 119
309 119
310 119
311 119
312 119
313 119
314 119
315 119
316 119
317 119
318 119
319 119
320 119
321 119
322 119
323 119
324 119
325 119
326 119
327 119
328 119
330 119
331 119
332 119
333 119
334 119
335 119
336 119
337 119
338 119
339 119
304 120
305 120
306 120
307 120
308 120
309 120
310 120
311 120
312 120
313 120
314 120
315 120
316 120
317 120
318 120
319 120
320 120
321 120
322 120
323 120
324 120
325 120
326 120
327 120
328 120
329 120
330 120
331 120
332 120
333 120
334 120
335 120
336 120
337 120
338 120
339 120
304 121
305 121
306 121
307 121
308 121
309 121
310 121
311 121
312 121
313 121
314 121
315 121
316 121
317 121
318 121
319 121
320 121
321 121
322 121
323 121
324 121
325 121
326 121
327 121
328 121
329 121
330 121
331 121
332 121
333 121
334 121
335 121
336 121
337 121
338 121
339 121
304 122
305 122
306 122
307 122
308 122
309 122
310 122
311 122
312 122
313 122
314 122
315 122
316 122
317 122
318 122
319 122
320 122
321 122
322 122
323 122
324 122
325 122
326 122
327 122
328 122
329 122
330 122
331 122
332 122
333 122
334 122
335 122
336 122
337 122
338 122
339 122
304 123
305 123
306 123
307 123
308 123
309 123
310 123
311 123
312 123
313 123
314 123
315 123
316 123
317 123
318 123
319 123
320 123
321 123
322 123
323 123
324 123
325 123
326 123
327 123
328 123
329 123
330 123
331 123
332 123
333 123
334 123
335 123
336 123
337 123
338 123
339 123
304 124
305 124
306 124
307 124
308 124
309 124
310 124
311 124
312 124
313 124
314 124
315 124
316 124
317 124
318 124
319 124
320 124
321 124
322 124
323 124
324 124
325 124
326 124
327 124
328 124
329 124
330 124
331 124
332 124
333 124
334 124
335 124
336 124
337 124
338 124
339 124
304 125
305 125
306 125
307 125
308 125
309 125
310 125
311 125
312 125
313 125
314 125
315 125
316 125
317 125
318 125
319 125
320 125
321 125
322 125
323 125
324 125
325 125
326 125
327 125
328 125
329 125
330 125
331 125
332 125
333 125
334 125
335 125
336 125
337 125
338 125
339 125
304 126
305 126
306 126
307 126
308 126
309 126
310 126
311 126
312 126
313 126
314 126
315 126
316 126
317 126
318 126
319 126
320 126
321 126
322 126
323 126
324 126
325 126
326 126
327 126
328 126
329 126
330 126
331 126
332 126
333 126
334 126
335 126
336 126
337 126
338 126
339 126
304 127
305 127
306 127
307 127
308 127
309 127
310 127
311 127
312 127
313 127
314 127
315 127
316 127
317 127
318 127
319 127
320 127
321 127
322 127
323 127
324 127
325 127
326 127
327 127
328 127
329 127
330 127
331 127
332 127
333 127
334 127
335 127
336 127
337 127
338 127
339 127
304 128
305 128
306 128
307 128
308 128
309 128
310 128
311 128
312 128
313 128
314 128
315 128
316 128
317 128
318 128
319 128
320 128
321 128
322 128
323 128
324 128
325 128
326 128
327 128
328 128
329 128
330 128
331 128
332 128
333 128
334 128
335 128
336 128
337 128
338 128
339 128
304 129
305 129
306 129
307 129
308 129
309 129
310 129
311 129
312 129
313 129
314 129
315 129
316 129
317 129
318 129
319 129
320 129
321 129
322 129
323 129
324 129
325 129
326 129
327 129
328 129
331 129
332 129
333 129
334 129
335 129
336 129
337 129
338 129
339 129
304 130
305 130
306 130
307 130
308 130
309 130
310 130
311 130
312 130
313 130
314 130
315 130
316 130
317 130
318 130
319 130
320 130
321 130
322 130
323 130
324 130
325 130
326 130
327 130
328 130
331 130
332 130
333 130
334 130
335 130
336 130
337 130
338 130
339 130
304 131
305 131
306 131
307 131
308 131
309 131
310 131
311 131
312 131
313 131
314 131
315 131
316 131
317 131
318 131
319 131
320 131
321 131
322 131
323 131
324 131
325 131
326 131
332 131
333 131
334 131
335 131
336 131
337 131
338 131
304 132
305 132
306 132
307 132
308 132
309 132
310 132
311 132
312 132
313 132
314 132
315 132
316 132
317 132
318 132
319 132
320 132
321 132
322 132
323 132
324 132
333 132
334 132
335 132
336 132
337 132
338 132
304 133
305 133
306 133
307 133
308 133
309 133
310 133
311 133
312 133
313 133
314 133
315 133
316 133
317 133
318 133
319 133
320 133
321 133
335 133
336 133
337 133
338 133
304 134
305 134
306 134
307 134
308 134
309 134
310 134
311 134
312 134
313 134
314 134
315 134
316 134
317 134
318 134
319 134
320 134
304 135
305 135
306 135
307 135
308 135
309 135
310 135
311 135
312 135
313 135
314 135
315 135
316 135
317 135
318 135
319 135
320 135
304 136
305 136
306 136
307 136
308 136
309 136
310 136
311 136
312 136
313 136
314 136
315 136
316 136
317 136
318 136
319 136
320 136
304 137
305 137
306 137
307 137
308 137
309 137
310 137
311 137
312 137
313 137
314 137
315 137
316 137
317 137
318 137
319 137
304 138
305 138
306 138
307 138
308 138
309 138
310 138
311 138
312 138
313 138
314 138
315 138
316 138
317 138
318 138
319 138
304 139
305 139
306 139
307 139
308 139
309 139
310 139
311 139
312 139
313 139
314 139
315 139
316 139
317 139
318 139
304 140
305 140
306 140
307 140
308 140
309 140
310 140
311 140
312 140
313 140
314 140
315 140
316 140
317 140
304 141
305 141
306 141
307 141
308 141
309 141
310 141
311 141
312 141
313 141
314 141
315 141
316 141
304 142
305 142
306 142
307 142
308 142
309 142
310 142
311 142
312 142
313 142
314 142
315 142
316 142
305 143
306 143
307 143
308 143
309 143
310 143
311 143
312 143
313 143
314 143
