337 228
338 228
339 228
340 228
341 228
342 228
343 228
344 228
336 229
337 229
338 229
339 229
340 229
341 229
342 229
343 229
344 229
345 229
346 229
335 230
336 230
337 230
338 230
339 230
340 230
341 230
342 230
343 230
344 230
345 230
346 230
335 231
336 231
337 231
338 231
339 231
340 231
341 231
342 231
343 231
344 231
345 231
346 231
347 231
335 232
336 232
337 232
338 232
339 232
340 232
341 232
342 232
343 232
344 232
345 232
346 232
347 232
334 233
335 233
336 233
337 233
338 233
339 233
340 233
341 233
342 233
343 233
344 233
345 233
346 233
347 233
334 234
335 234
336 234
337 234
338 234
339 234
340 234
341 234
342 234
343 234
344 234
345 234
346 234
347 234
334 235
335 235
336 235
337 235
338 235
339 235
340 235
341 235
342 235
343 235
344 235
345 235
346 235
347 235
333 236
334 236
335 236
336 236
337 236
338 236
339 236
340 236
341 236
342 236
343 236
344 236
345 236
346 236
347 236
333 237
334 237
335 237
336 237
337 237
338 237
339 237
340 237
341 237
342 237
343 237
344 237
345 237
346 237
347 237
333 238
334 238
335 238
336 238
337 238
338 238
339 238
340 238
341 238
342 238
343 238
344 238
345 238
346 238
347 238
333 239
334 239
335 239
336 239
337 239
338 239
339 239
340 239
341 239
342 239
343 239
344 239
345 239
346 239
347 239
333 240
334 240
335 240
336 240
337 240
338 240
339 240
340 240
341 240
342 240
343 240
344 240
345 240
346 240
347 240
333 241
334 241
335 241
336 241
337 241
338 241
339 241
340 241
341 241
342 241
343 241
344 241
345 241
346 241
347 241
333 242
334 242
335 242
336 242
337 242
338 242
339 242
340 242
341 242
342 242
343 242
344 242
345 242
346 242
347 242
333 243
334 243
335 243
336 243
337 243
338 243
339 243
340 243
341 243
342 243
343 243
344 243
345 243
346 243
347 243
333 244
334 244
335 244
336 244
337 244
338 244
339 244
340 244
341 244
342 244
343 244
344 244
345 244
346 244
347 244
333 245
334 245
335 245
336 245
337 245
338 245
339 245
340 245
341 245
342 245
343 245
344 245
345 245
346 245
347 245
334 246
335 246
336 246
337 246
338 246
339 246
340 246
341 246
342 246
343 246
344 246
345 246
346 246
347 246
334 247
335 247
336 247
337 247
338 247
339 247
340 247
341 247
342 247
343 247
344 247
345 247
346 247
347 247
334 248
335 248
336 248
337 248
338 248
339 248
340 248
341 248
342 248
343 248
344 248
345 248
346 248
347 248
334 249
335 249
336 249
337 249
338 249
339 249
340 249
341 249
342 249
343 249
344 249
345 249
346 249
347 249
334 250
335 250
336 250
337 250
338 250
339 250
340 250
341 250
342 250
343 250
344 250
345 250
346 250
347 250
334 251
335 251
336 251
337 251
338 251
339 251
340 251
341 251
342 251
343 251
344 251
345 251
346 251
347 251
334 252
335 252
336 252
337 252
338 252
339 252
340 252
341 252
342 252
343 252
344 252
345 252
346 252
347 252
335 253
336 253
337 253
338 253
339 253
340 253
341 253
342 253
343 253
344 253
345 253
346 253
347 253
335 254
336 254
337 254
338 254
339 254
340 254
341 254
342 254
343 254
344 254
345 254
346 254
335 255
336 255
337 255
338 255
339 255
340 255
341 255
342 255
343 255
344 255
345 255
346 255
335 256
336 256
337 256
338 256
339 256
340 256
341 256
342 256
343 256
344 256
345 256
335 257
336 257
337 257
338 257
339 257
340 257
341 257
342 257
343 257
344 257
335 258
336 258
337 258
338 258
339 258
340 258
341 258
342 258
343 258
344 258
336 259
337 259
338 259
339 259
340 259
341 259
342 259
343 259
336 260
337 260
338 260
339 260
340 260
341 260
342 260
343 260
337 261
338 261
339 261
340 261
341 261
342 261
338 262
339 262
340 262
341 262
342 262
