326 271
327 271
328 271
329 271
330 271
331 271
332 271
333 271
334 271
335 271
325 272
326 272
327 272
328 272
329 272
330 272
331 272
332 272
333 272
334 272
335 272
336 272
325 273
326 273
327 273
328 273
329 273
330 273
331 273
332 273
333 273
334 273
335 273
336 273
337 273
324 274
325 274
326 274
327 274
328 274
329 274
330 274
331 274
332 274
333 274
334 274
335 274
336 274
337 274
324 275
325 275
326 275
327 275
328 275
329 275
330 275
331 275
332 275
333 275
334 275
335 275
336 275
337 275
338 275
324 276
325 276
326 276
327 276
328 276
329 276
330 276
331 276
332 276
333 276
334 276
335 276
336 276
337 276
338 276
324 277
325 277
326 277
327 277
328 277
329 277
330 277
331 277
332 277
333 277
334 277
335 277
336 277
337 277
338 277
324 278
325 278
326 278
327 278
328 278
329 278
330 278
331 278
332 278
333 278
334 278
335 278
336 278
337 278
338 278
339 278
324 279
325 279
326 279
327 279
328 279
329 279
330 279
331 279
332 279
333 279
334 279
335 279
336 279
337 279
338 279
339 279
324 280
325 280
326 280
327 280
328 280
329 280
330 280
331 280
332 280
333 280
334 280
335 280
336 280
337 280
338 280
339 280
325 281
326 281
327 281
328 281
329 281
330 281
331 281
332 281
333 281
334 281
335 281
336 281
337 281
338 281
339 281
325 282
326 282
327 282
328 282
329 282
330 282
331 282
332 282
333 282
334 282
335 282
336 282
337 282
338 282
339 282
325 283
326 283
327 283
328 283
329 283
330 283
331 283
332 283
333 283
334 283
335 283
336 283
337 283
338 283
339 283
325 284
326 284
327 284
328 284
329 284
330 284
331 284
332 284
333 284
334 284
335 284
336 284
337 284
338 284
339 284
325 285
326 285
327 285
328 285
329 285
330 285
331 285
332 285
333 285
334 285
335 285
336 285
337 285
338 285
326 286
327 286
328 286
329 286
330 286
331 286
332 286
333 286
334 286
335 286
336 286
337 286
338 286
326 287
327 287
328 287
329 287
330 287
331 287
332 287
333 287
334 287
335 287
336 287
337 287
327 288
328 288
329 288
330 288
331 288
332 288
333 288
334 288
335 288
336 288
327 289
328 289
329 289
330 289
331 289
332 289
333 289
334 289
335 289
328 290
329 290
330 290
331 290
332 290
333 290
334 290
335 290
329 291
330 291
331 291
332 291
333 291
334 291
