346 180
347 180
348 180
349 180
350 180
345 181
346 181
347 181
348 181
349 181
350 181
351 181
352 181
344 182
345 182
346 182
347 182
348 182
349 182
350 182
351 182
352 182
353 182
343 183
344 183
345 183
346 183
347 183
348 183
349 183
350 183
351 183
352 183
353 183
354 183
342 184
343 184
344 184
345 184
346 184
347 184
348 184
349 184
350 184
351 184
352 184
353 184
354 184
355 184
342 185
343 185
344 185
345 185
346 185
347 185
348 185
349 185
350 185
351 185
352 185
353 185
354 185
355 185
341 186
342 186
343 186
344 186
345 186
346 186
347 186
348 186
349 186
350 186
351 186
352 186
353 186
354 186
355 186
341 187
342 187
343 187
344 187
345 187
346 187
347 187
348 187
349 187
350 187
351 187
352 187
353 187
354 187
355 187
341 188
342 188
343 188
344 188
345 188
346 188
347 188
348 188
349 188
350 188
351 188
352 188
353 188
354 188
355 188
340 189
341 189
342 189
343 189
344 189
345 189
346 189
347 189
348 189
349 189
350 189
351 189
352 189
353 189
354 189
355 189
340 190
341 190
342 190
343 190
344 190
345 190
346 190
347 190
348 190
349 190
350 190
351 190
352 190
353 190
354 190
355 190
340 191
341 191
342 191
343 191
344 191
345 191
346 191
347 191
348 191
349 191
350 191
351 191
352 191
353 191
354 191
355 191
340 192
341 192
342 192
343 192
344 192
345 192
346 192
347 192
348 192
349 192
350 192
351 192
352 192
353 192
354 192
355 192
340 193
341 193
342 193
343 193
344 193
345 193
346 193
347 193
348 193
349 193
350 193
351 193
352 193
353 193
354 193
355 193
340 194
341 194
342 194
343 194
344 194
345 194
346 194
347 194
348 194
349 194
350 194
351 194
352 194
353 194
354 194
355 194
340 195
341 195
342 195
343 195
344 195
345 195
346 195
347 195
348 195
349 195
350 195
351 195
352 195
353 195
354 195
355 195
340 196
341 196
342 196
343 196
344 196
345 196
346 196
347 196
348 196
349 196
350 196
351 196
352 196
353 196
354 196
355 196
340 197
341 197
342 197
343 197
344 197
345 197
346 197
347 197
348 197
349 197
350 197
351 197
352 197
353 197
354 197
355 197
340 198
341 198
342 198
343 198
344 198
345 198
346 198
347 198
348 198
349 198
350 198
351 198
352 198
353 198
354 198
355 198
340 199
341 199
342 199
343 199
344 199
345 199
346 199
347 199
348 199
349 199
350 199
351 199
352 199
353 199
354 199
355 199
340 200
341 200
342 200
343 200
344 200
345 200
346 200
347 200
348 200
349 200
350 200
351 200
352 200
353 200
354 200
355 200
340 201
341 201
342 201
343 201
344 201
345 201
346 201
347 201
348 201
349 201
350 201
351 201
352 201
353 201
354 201
355 201
340 202
341 202
342 202
343 202
344 202
345 202
346 202
347 202
348 202
349 202
350 202
351 202
352 202
353 202
354 202
355 202
340 203
341 203
342 203
343 203
344 203
345 203
346 203
347 203
348 203
349 203
350 203
351 203
352 203
353 203
354 203
355 203
340 204
341 204
342 204
343 204
344 204
345 204
346 204
347 204
348 204
349 204
350 204
351 204
352 204
353 204
354 204
355 204
340 205
341 205
342 205
343 205
344 205
345 205
346 205
347 205
348 205
349 205
350 205
351 205
352 205
353 205
354 205
355 205
340 206
341 206
342 206
343 206
344 206
345 206
346 206
347 206
348 206
349 206
350 206
351 206
352 206
353 206
354 206
355 206
340 207
341 207
342 207
343 207
344 207
345 207
346 207
347 207
348 207
349 207
350 207
351 207
352 207
353 207
354 207
355 207
340 208
341 208
342 208
343 208
344 208
345 208
346 208
347 208
348 208
349 208
350 208
351 208
352 208
353 208
354 208
340 209
341 209
342 209
343 209
344 209
345 209
346 209
347 209
348 209
349 209
350 209
351 209
352 209
353 209
340 210
341 210
342 210
343 210
344 210
345 210
346 210
347 210
348 210
349 210
350 210
351 210
352 210
353 210
340 211
341 211
342 211
343 211
344 211
345 211
346 211
347 211
348 211
349 211
350 211
351 211
352 211
353 211
340 212
341 212
342 212
343 212
344 212
345 212
346 212
347 212
348 212
349 212
350 212
351 212
352 212
353 212
340 213
341 213
342 213
343 213
344 213
345 213
346 213
347 213
348 213
349 213
350 213
351 213
352 213
353 213
340 214
341 214
342 214
343 214
344 214
345 214
346 214
347 214
348 214
349 214
350 214
351 214
352 214
353 214
340 215
341 215
342 215
343 215
344 215
345 215
346 215
347 215
348 215
349 215
350 215
351 215
352 215
353 215
341 216
342 216
343 216
344 216
345 216
346 216
347 216
348 216
349 216
350 216
351 216
352 216
353 216
341 217
342 217
343 217
344 217
345 217
346 217
347 217
348 217
349 217
351 217
352 217
353 217
354 217
341 218
342 218
343 218
344 218
345 218
346 218
347 218
348 218
349 218
351 218
352 218
353 218
354 218
341 219
342 219
343 219
344 219
345 219
346 219
347 219
348 219
349 219
350 219
351 219
352 219
353 219
354 219
342 220
343 220
344 220
345 220
346 220
347 220
348 220
349 220
350 220
351 220
352 220
353 220
354 220
349 221
350 221
351 221
352 221
353 221
354 221
350 222
351 222
352 222
353 222
354 222
