281 228
282 228
283 228
284 228
285 228
286 228
280 229
281 229
282 229
283 229
284 229
285 229
286 229
287 229
280 230
281 230
282 230
283 230
284 230
285 230
286 230
287 230
288 230
294 230
295 230
296 230
297 230
280 231
281 231
282 231
283 231
284 231
285 231
286 231
287 231
288 231
292 231
293 231
294 231
295 231
296 231
297 231
298 231
280 232
281 232
282 232
283 232
284 232
285 232
286 232
287 232
288 232
289 232
291 232
292 232
293 232
294 232
295 232
296 232
297 232
298 232
280 233
281 233
282 233
283 233
284 233
285 233
286 233
287 233
288 233
289 233
290 233
291 233
292 233
293 233
294 233
295 233
296 233
297 233
298 233
299 233
280 234
281 234
282 234
283 234
284 234
285 234
286 234
287 234
288 234
289 234
290 234
291 234
292 234
293 234
294 234
295 234
296 234
297 234
298 234
299 234
280 235
281 235
282 235
283 235
284 235
285 235
286 235
287 235
288 235
289 235
290 235
291 235
292 235
293 235
294 235
295 235
296 235
297 235
298 235
299 235
280 236
281 236
282 236
283 236
284 236
285 236
286 236
287 236
288 236
289 236
290 236
291 236
292 236
293 236
294 236
295 236
296 236
297 236
298 236
299 236
280 237
281 237
282 237
283 237
284 237
285 237
286 237
287 237
288 237
289 237
290 237
291 237
292 237
293 237
294 237
295 237
296 237
297 237
298 237
299 237
280 238
281 238
282 238
283 238
284 238
285 238
286 238
287 238
288 238
289 238
290 238
291 238
292 238
293 238
294 238
295 238
296 238
297 238
298 238
299 238
280 239
281 239
282 239
283 239
284 239
285 239
286 239
287 239
288 239
289 239
290 239
291 239
292 239
293 239
294 239
295 239
296 239
297 239
298 239
299 239
280 240
281 240
282 240
283 240
284 240
285 240
286 240
287 240
288 240
289 240
290 240
291 240
292 240
293 240
294 240
295 240
296 240
297 240
298 240
299 240
280 241
281 241
282 241
283 241
284 241
285 241
286 241
287 241
288 241
289 241
290 241
291 241
292 241
293 241
294 241
295 241
296 241
297 241
298 241
299 241
280 242
281 242
282 242
283 242
284 242
285 242
286 242
287 242
288 242
291 242
292 242
293 242
294 242
295 242
296 242
297 242
298 242
299 242
280 243
281 243
282 243
283 243
284 243
285 243
286 243
287 243
288 243
291 243
292 243
293 243
294 243
295 243
296 243
297 243
298 243
299 243
280 244
281 244
282 244
283 244
284 244
285 244
286 244
287 244
288 244
291 244
292 244
293 244
294 244
295 244
296 244
297 244
298 244
299 244
280 245
281 245
282 245
283 245
284 245
285 245
286 245
287 245
288 245
291 245
292 245
293 245
294 245
295 245
296 245
297 245
298 245
299 245
281 246
282 246
283 246
284 246
285 246
286 246
287 246
288 246
291 246
292 246
293 246
294 246
295 246
296 246
297 246
298 246
299 246
281 247
282 247
283 247
284 247
285 247
286 247
287 247
288 247
291 247
292 247
293 247
294 247
295 247
296 247
297 247
298 247
299 247
283 248
284 248
285 248
286 248
287 248
288 248
291 248
292 248
293 248
294 248
295 248
296 248
297 248
298 248
299 248
285 249
286 249
287 249
288 249
290 249
291 249
292 249
293 249
294 249
295 249
296 249
297 249
298 249
299 249
285 250
286 250
287 250
291 250
292 250
293 250
294 250
295 250
296 250
297 250
298 250
293 251
294 251
295 251
296 251
297 251
