307 100
308 100
309 100
310 100
311 100
312 100
313 100
314 100
315 100
316 100
317 100
305 101
306 101
307 101
308 101
309 101
310 101
311 101
312 101
313 101
314 101
315 101
316 101
317 101
318 101
304 102
305 102
306 102
307 102
308 102
309 102
310 102
311 102
312 102
313 102
314 102
315 102
316 102
317 102
318 102
319 102
304 103
305 103
306 103
307 103
308 103
309 103
310 103
311 103
312 103
313 103
314 103
315 103
316 103
317 103
318 103
319 103
303 104
304 104
305 104
306 104
307 104
308 104
309 104
310 104
311 104
312 104
313 104
314 104
315 104
316 104
317 104
318 104
319 104
303 105
304 105
305 105
306 105
307 105
308 105
309 105
310 105
311 105
312 105
313 105
314 105
315 105
316 105
317 105
318 105
319 105
302 106
303 106
304 106
305 106
306 106
307 106
308 106
309 106
310 106
311 106
312 106
313 106
314 106
315 106
316 106
317 106
318 106
319 106
320 106
301 107
302 107
303 107
304 107
305 107
306 107
307 107
308 107
309 107
310 107
311 107
312 107
313 107
314 107
315 107
316 107
317 107
318 107
319 107
320 107
321 107
300 108
301 108
302 108
303 108
304 108
305 108
306 108
307 108
308 108
309 108
310 108
311 108
312 108
313 108
314 108
315 108
316 108
317 108
318 108
319 108
320 108
321 108
322 108
300 109
301 109
302 109
303 109
304 109
305 109
306 109
307 109
308 109
309 109
310 109
311 109
312 109
313 109
314 109
315 109
316 109
317 109
318 109
319 109
320 109
321 109
322 109
323 109
300 110
301 110
302 110
303 110
304 110
305 110
306 110
307 110
308 110
309 110
310 110
311 110
312 110
313 110
314 110
315 110
316 110
317 110
318 110
319 110
320 110
321 110
322 110
323 110
300 111
301 111
302 111
303 111
304 111
305 111
306 111
307 111
308 111
309 111
310 111
311 111
312 111
313 111
314 111
315 111
316 111
317 111
318 111
319 111
320 111
321 111
322 111
323 111
300 112
301 112
302 112
303 112
304 112
305 112
306 112
307 112
308 112
309 112
310 112
311 112
312 112
313 112
314 112
315 112
316 112
317 112
318 112
319 112
320 112
321 112
322 112
323 112
300 113
301 113
302 113
303 113
304 113
305 113
306 113
307 113
308 113
309 113
310 113
311 113
312 113
313 113
314 113
315 113
316 113
317 113
318 113
319 113
320 113
321 113
322 113
323 113
300 114
301 114
302 114
303 114
304 114
305 114
306 114
307 114
308 114
309 114
310 114
311 114
312 114
313 114
314 114
315 114
316 114
317 114
318 114
319 114
320 114
321 114
322 114
323 114
300 115
301 115
302 115
303 115
304 115
305 115
306 115
307 115
308 115
309 115
310 115
311 115
312 115
313 115
314 115
315 115
316 115
317 115
318 115
319 115
320 115
321 115
322 115
323 115
324 115
300 116
301 116
302 116
303 116
304 116
305 116
306 116
307 116
308 116
309 116
310 116
311 116
312 116
313 116
314 116
315 116
316 116
317 116
318 116
319 116
320 116
321 116
322 116
323 116
324 116
325 116
300 117
301 117
302 117
303 117
304 117
305 117
306 117
307 117
308 117
309 117
310 117
311 117
312 117
313 117
314 117
315 117
316 117
317 117
318 117
319 117
320 117
321 117
322 117
323 117
324 117
325 117
326 117
300 118
301 118
302 118
303 118
304 118
305 118
306 118
307 118
308 118
309 118
310 118
311 118
312 118
313 118
314 118
315 118
316 118
317 118
318 118
319 118
320 118
321 118
322 118
323 118
324 118
325 118
326 118
300 119
301 119
302 119
303 119
304 119
305 119
306 119
307 119
308 119
309 119
310 119
311 119
312 119
313 119
314 119
315 119
316 119
317 119
318 119
319 119
320 119
321 119
322 119
323 119
324 119
325 119
326 119
327 119
300 120
301 120
302 120
303 120
304 120
305 120
306 120
307 120
308 120
309 120
310 120
311 120
312 120
313 120
314 120
315 120
316 120
317 120
318 120
319 120
320 120
321 120
322 120
323 120
324 120
325 120
326 120
327 120
300 121
301 121
302 121
303 121
304 121
305 121
306 121
307 121
308 121
309 121
310 121
311 121
312 121
313 121
314 121
315 121
316 121
317 121
318 121
319 121
320 121
321 121
322 121
323 121
324 121
325 121
326 121
327 121
300 122
301 122
302 122
303 122
304 122
305 122
306 122
307 122
308 122
309 122
310 122
311 122
312 122
313 122
314 122
315 122
316 122
317 122
318 122
319 122
320 122
321 122
322 122
323 122
324 122
325 122
326 122
327 122
300 123
301 123
302 123
303 123
304 123
305 123
306 123
307 123
308 123
309 123
310 123
311 123
312 123
313 123
314 123
315 123
316 123
317 123
318 123
319 123
320 123
321 123
322 123
323 123
324 123
325 123
326 123
327 123
300 124
301 124
302 124
303 124
304 124
305 124
306 124
307 124
308 124
309 124
310 124
311 124
312 124
313 124
314 124
315 124
316 124
317 124
318 124
319 124
320 124
321 124
322 124
323 124
324 124
325 124
326 124
327 124
300 125
301 125
302 125
303 125
304 125
305 125
306 125
307 125
308 125
309 125
310 125
311 125
312 125
313 125
314 125
315 125
316 125
317 125
318 125
319 125
320 125
321 125
322 125
323 125
324 125
325 125
326 125
327 125
300 126
301 126
302 126
303 126
304 126
305 126
306 126
307 126
308 126
309 126
310 126
311 126
312 126
313 126
314 126
315 126
316 126
317 126
318 126
319 126
320 126
321 126
322 126
323 126
324 126
325 126
326 126
327 126
300 127
301 127
302 127
303 127
304 127
305 127
306 127
307 127
308 127
309 127
310 127
311 127
312 127
313 127
314 127
315 127
316 127
317 127
318 127
319 127
320 127
321 127
322 127
323 127
324 127
325 127
326 127
327 127
300 128
301 128
302 128
303 128
304 128
305 128
306 128
307 128
308 128
309 128
310 128
311 128
312 128
313 128
314 128
315 128
316 128
317 128
318 128
319 128
320 128
321 128
322 128
323 128
324 128
325 128
326 128
327 128
300 129
301 129
302 129
303 129
304 129
305 129
306 129
307 129
308 129
309 129
310 129
311 129
312 129
313 129
314 129
315 129
316 129
317 129
318 129
319 129
320 129
321 129
322 129
323 129
324 129
325 129
326 129
327 129
300 130
301 130
302 130
303 130
304 130
305 130
306 130
307 130
308 130
309 130
310 130
311 130
312 130
313 130
314 130
315 130
316 130
317 130
318 130
319 130
320 130
321 130
322 130
323 130
324 130
325 130
326 130
327 130
300 131
301 131
302 131
303 131
304 131
305 131
306 131
307 131
308 131
309 131
310 131
311 131
312 131
313 131
314 131
315 131
316 131
317 131
318 131
319 131
320 131
321 131
322 131
323 131
324 131
325 131
326 131
300 132
301 132
302 132
303 132
304 132
305 132
306 132
307 132
308 132
309 132
310 132
311 132
312 132
313 132
314 132
315 132
316 132
317 132
318 132
319 132
320 132
321 132
322 132
323 132
324 132
325 132
326 132
300 133
301 133
302 133
303 133
304 133
305 133
306 133
307 133
308 133
309 133
310 133
311 133
312 133
313 133
314 133
315 133
316 133
317 133
318 133
319 133
320 133
321 133
322 133
323 133
324 133
325 133
326 133
300 134
301 134
302 134
303 134
304 134
305 134
306 134
307 134
308 134
309 134
310 134
311 134
312 134
313 134
314 134
315 134
316 134
317 134
318 134
319 134
320 134
321 134
322 134
323 134
324 134
325 134
326 134
300 135
301 135
302 135
303 135
304 135
305 135
306 135
307 135
308 135
309 135
310 135
311 135
312 135
313 135
314 135
315 135
316 135
317 135
318 135
319 135
320 135
321 135
322 135
323 135
324 135
325 135
326 135
300 136
301 136
302 136
303 136
304 136
305 136
306 136
307 136
308 136
309 136
310 136
311 136
312 136
313 136
314 136
315 136
316 136
317 136
318 136
319 136
320 136
321 136
322 136
323 136
324 136
325 136
326 136
300 137
301 137
302 137
303 137
304 137
305 137
306 137
307 137
308 137
309 137
310 137
311 137
312 137
313 137
314 137
315 137
316 137
317 137
318 137
319 137
320 137
321 137
322 137
323 137
324 137
325 137
326 137
327 137
300 138
301 138
302 138
303 138
304 138
305 138
306 138
307 138
308 138
309 138
310 138
311 138
312 138
313 138
314 138
315 138
316 138
317 138
318 138
319 138
320 138
321 138
322 138
323 138
324 138
325 138
326 138
327 138
301 139
302 139
303 139
304 139
305 139
306 139
307 139
308 139
309 139
310 139
311 139
312 139
313 139
314 139
315 139
316 139
317 139
318 139
319 139
320 139
321 139
322 139
323 139
324 139
325 139
326 139
327 139
302 140
303 140
304 140
305 140
306 140
307 140
308 140
309 140
310 140
311 140
312 140
313 140
314 140
315 140
316 140
317 140
318 140
319 140
320 140
321 140
322 140
323 140
324 140
325 140
326 140
327 140
303 141
304 141
305 141
306 141
307 141
308 141
309 141
310 141
311 141
312 141
313 141
314 141
315 141
316 141
317 141
319 141
320 141
321 141
322 141
323 141
324 141
325 141
326 141
327 141
304 142
305 142
306 142
307 142
308 142
309 142
310 142
311 142
312 142
313 142
314 142
315 142
316 142
319 142
320 142
321 142
322 142
323 142
324 142
325 142
326 142
327 142
304 143
305 143
306 143
307 143
308 143
309 143
310 143
311 143
312 143
313 143
314 143
315 143
316 143
320 143
321 143
322 143
323 143
324 143
325 143
326 143
327 143
304 144
305 144
306 144
307 144
308 144
309 144
310 144
311 144
312 144
313 144
314 144
315 144
316 144
320 144
321 144
322 144
323 144
324 144
325 144
326 144
305 145
306 145
307 145
308 145
309 145
310 145
311 145
312 145
313 145
314 145
315 145
316 145
320 145
321 145
322 145
323 145
324 145
325 145
326 145
305 146
306 146
307 146
308 146
309 146
310 146
311 146
312 146
313 146
314 146
315 146
316 146
320 146
321 146
322 146
323 146
324 146
325 146
326 146
306 147
307 147
308 147
309 147
310 147
311 147
312 147
313 147
314 147
315 147
320 147
321 147
322 147
323 147
324 147
325 147
326 147
308 148
309 148
310 148
311 148
312 148
313 148
314 148
315 148
320 148
321 148
322 148
323 148
324 148
325 148
326 148
310 149
311 149
312 149
313 149
320 149
321 149
322 149
323 149
324 149
325 149
326 149
321 150
322 150
323 150
324 150
325 150
326 150
